## Summary of overall evidence for association with region:
## log10(BF for region) = -0.566172
## p-value for region = NA

## BFs for choosing among multi-SNP models:
## log10(average 1-SNP BF) = -0.486216
## log10(average 2-SNP BF) = -0.791133

## Example posterior probabilities for multi-SNP models, based on default prior: [p(l) propto 0.5^l for l=1,2,...,L]
## posterior probability of 1-SNP = 0.801428
## posterior probability of 2-SNP = 0.198572

## log10(BF) for single SNP and pair of SNPs:
rs75251133     -0.335	-0.455	-0.460	-0.609	-0.486	-0.629	-0.488	-0.710	-0.617	-0.642	-0.710	-0.798	-0.801	-0.669	-0.683	-0.506	-0.491	-0.504	-0.534	-0.525	-0.512	-0.669	-0.518	-0.518	-0.632	-0.647	-0.488	-0.644	-0.826	-0.561	-0.667	-0.494	-0.550	-0.663	-0.561	-0.646	-0.705	-0.688	-0.678	-0.496	-0.638	-0.682	-0.646	-0.618	-0.685	-0.677	-0.678	-0.674	-0.675	-0.675	-0.675	-0.679	-0.755	-0.646	-0.668	-0.662	-0.646	-0.662	-0.590	-0.652	-0.585	-0.716	-0.717	-0.713	-0.717	-0.755	-0.763	-0.719	-0.718	-0.719	-0.719	-0.720	-0.720	-0.765	-0.700	-0.721	-0.721	-0.765	-0.723	-0.724	-0.780	-0.737	-0.715	-0.719	-0.718	-0.753	-0.801	-0.750	-0.789	-0.747	-0.735	-0.788	-0.716	-0.748	-0.744	-0.744	-0.747	-0.727	-0.739	-0.783	-0.667	-0.740	-0.681	-0.744	-0.753	-0.683	-0.723	-0.788	-0.719	-0.742	-0.744	-0.731	-0.739	-0.763	-0.788	-0.788	-0.722	-0.788	-0.788	-0.785	-0.785	-0.765	-0.691	-0.690	-0.787	-0.749	-0.788	-0.741	-0.588	-0.588	-0.589	-0.673	-0.385	-0.728	-0.817	-0.770	-0.785	-0.692	-0.772	-0.764	-0.697	-0.782	-0.823	-0.783	-0.779	-0.700	-0.699	-0.786	-0.771	-0.828	-0.699	-0.698	-0.667	-0.685	-0.716	-0.771	-0.771	-0.794	-0.726	-0.728	-0.770	-0.744	-0.772	-0.730	-0.735	-0.793	-0.731	-0.754	-0.624	-0.750	-0.624	-0.620	
rs12124177     -0.455	-0.371	-0.474	-0.639	-0.499	-0.659	-0.500	-0.746	-0.648	-0.673	-0.746	-0.830	-0.833	-0.717	-0.714	-0.510	-0.500	-0.540	-0.570	-0.561	-0.518	-0.701	-0.553	-0.554	-0.668	-0.683	-0.488	-0.675	-0.859	-0.596	-0.703	-0.500	-0.585	-0.699	-0.596	-0.679	-0.738	-0.719	-0.708	-0.502	-0.671	-0.713	-0.678	-0.635	-0.716	-0.708	-0.709	-0.705	-0.706	-0.706	-0.706	-0.710	-0.786	-0.678	-0.698	-0.693	-0.678	-0.692	-0.609	-0.683	-0.601	-0.763	-0.763	-0.760	-0.764	-0.799	-0.805	-0.765	-0.764	-0.765	-0.765	-0.766	-0.766	-0.807	-0.747	-0.767	-0.767	-0.807	-0.769	-0.769	-0.820	-0.781	-0.737	-0.741	-0.740	-0.795	-0.837	-0.773	-0.821	-0.770	-0.779	-0.820	-0.762	-0.772	-0.767	-0.767	-0.770	-0.772	-0.783	-0.816	-0.706	-0.783	-0.702	-0.768	-0.777	-0.715	-0.769	-0.820	-0.765	-0.785	-0.787	-0.753	-0.762	-0.804	-0.820	-0.820	-0.768	-0.820	-0.820	-0.816	-0.818	-0.805	-0.722	-0.721	-0.815	-0.775	-0.815	-0.766	-0.637	-0.637	-0.637	-0.705	-0.408	-0.754	-0.844	-0.804	-0.811	-0.717	-0.808	-0.802	-0.723	-0.808	-0.851	-0.809	-0.811	-0.726	-0.724	-0.812	-0.805	-0.856	-0.725	-0.724	-0.699	-0.710	-0.742	-0.805	-0.805	-0.821	-0.752	-0.754	-0.804	-0.771	-0.805	-0.756	-0.761	-0.819	-0.757	-0.779	-0.651	-0.776	-0.651	-0.648	
rs12116579     -0.460	-0.474	-0.366	-0.635	-0.496	-0.655	-0.497	-0.741	-0.643	-0.669	-0.741	-0.826	-0.829	-0.710	-0.709	-0.509	-0.498	-0.535	-0.565	-0.556	-0.516	-0.697	-0.548	-0.549	-0.663	-0.678	-0.487	-0.670	-0.854	-0.591	-0.698	-0.499	-0.580	-0.693	-0.591	-0.674	-0.733	-0.715	-0.704	-0.500	-0.666	-0.709	-0.674	-0.633	-0.712	-0.704	-0.704	-0.701	-0.702	-0.702	-0.702	-0.706	-0.782	-0.674	-0.694	-0.688	-0.674	-0.688	-0.607	-0.678	-0.600	-0.756	-0.756	-0.753	-0.757	-0.792	-0.799	-0.758	-0.758	-0.758	-0.759	-0.759	-0.759	-0.801	-0.740	-0.760	-0.761	-0.801	-0.762	-0.763	-0.815	-0.775	-0.734	-0.738	-0.737	-0.789	-0.832	-0.770	-0.817	-0.767	-0.772	-0.815	-0.755	-0.769	-0.764	-0.764	-0.767	-0.765	-0.776	-0.811	-0.700	-0.777	-0.699	-0.765	-0.774	-0.710	-0.762	-0.816	-0.758	-0.779	-0.781	-0.750	-0.759	-0.798	-0.815	-0.815	-0.761	-0.815	-0.815	-0.812	-0.813	-0.799	-0.718	-0.717	-0.811	-0.772	-0.812	-0.762	-0.628	-0.628	-0.629	-0.701	-0.405	-0.750	-0.840	-0.799	-0.807	-0.714	-0.803	-0.796	-0.719	-0.805	-0.847	-0.806	-0.806	-0.722	-0.721	-0.808	-0.800	-0.852	-0.721	-0.720	-0.694	-0.707	-0.738	-0.800	-0.800	-0.817	-0.748	-0.750	-0.800	-0.767	-0.801	-0.752	-0.757	-0.815	-0.754	-0.776	-0.647	-0.772	-0.647	-0.644	
rs11589113     -0.609	-0.639	-0.635	-0.380	-0.615	-0.496	-0.614	-0.789	-0.501	-0.496	-0.789	-0.770	-0.764	-0.784	-0.610	-0.591	-0.586	-0.573	-0.598	-0.591	-0.596	-0.492	-0.584	-0.584	-0.703	-0.714	-0.580	-0.669	-0.872	-0.622	-0.731	-0.571	-0.612	-0.726	-0.621	-0.526	-0.747	-0.720	-0.706	-0.564	-0.458	-0.713	-0.536	-0.644	-0.716	-0.706	-0.707	-0.702	-0.704	-0.704	-0.704	-0.709	-0.771	-0.517	-0.695	-0.688	-0.524	-0.687	-0.499	-0.676	-0.610	-0.829	-0.829	-0.828	-0.830	-0.851	-0.854	-0.831	-0.830	-0.831	-0.831	-0.831	-0.831	-0.856	-0.817	-0.832	-0.832	-0.856	-0.833	-0.833	-0.862	-0.839	-0.636	-0.642	-0.640	-0.846	-0.868	-0.685	-0.827	-0.681	-0.836	-0.826	-0.826	-0.683	-0.677	-0.677	-0.681	-0.832	-0.838	-0.827	-0.774	-0.838	-0.594	-0.679	-0.691	-0.723	-0.830	-0.826	-0.828	-0.839	-0.840	-0.659	-0.671	-0.848	-0.826	-0.826	-0.831	-0.825	-0.825	-0.818	-0.825	-0.846	-0.728	-0.727	-0.773	-0.723	-0.774	-0.701	-0.743	-0.743	-0.743	-0.668	-0.330	-0.698	-0.807	-0.827	-0.808	-0.654	-0.835	-0.835	-0.663	-0.804	-0.816	-0.806	-0.825	-0.664	-0.663	-0.810	-0.827	-0.823	-0.663	-0.662	-0.677	-0.646	-0.684	-0.827	-0.827	-0.820	-0.696	-0.699	-0.830	-0.720	-0.828	-0.701	-0.708	-0.818	-0.703	-0.773	-0.589	-0.769	-0.589	-0.585	
rs76029399     -0.486	-0.499	-0.496	-0.615	-0.342	-0.635	-0.446	-0.716	-0.623	-0.649	-0.716	-0.806	-0.808	-0.679	-0.689	-0.511	-0.467	-0.514	-0.544	-0.535	-0.517	-0.676	-0.528	-0.528	-0.643	-0.657	-0.493	-0.650	-0.832	-0.570	-0.677	-0.473	-0.559	-0.673	-0.570	-0.654	-0.713	-0.695	-0.684	-0.476	-0.646	-0.689	-0.653	-0.617	-0.692	-0.684	-0.684	-0.681	-0.682	-0.682	-0.682	-0.686	-0.762	-0.654	-0.674	-0.668	-0.653	-0.668	-0.590	-0.658	-0.584	-0.737	-0.738	-0.735	-0.739	-0.774	-0.780	-0.740	-0.739	-0.740	-0.740	-0.741	-0.741	-0.782	-0.717	-0.742	-0.742	-0.783	-0.744	-0.744	-0.796	-0.757	-0.716	-0.720	-0.720	-0.771	-0.814	-0.752	-0.797	-0.749	-0.754	-0.795	-0.737	-0.750	-0.746	-0.746	-0.749	-0.747	-0.758	-0.791	-0.684	-0.759	-0.682	-0.746	-0.756	-0.690	-0.744	-0.796	-0.740	-0.761	-0.763	-0.732	-0.741	-0.780	-0.796	-0.795	-0.743	-0.796	-0.796	-0.792	-0.793	-0.781	-0.698	-0.697	-0.791	-0.752	-0.792	-0.743	-0.615	-0.615	-0.615	-0.680	-0.386	-0.731	-0.821	-0.782	-0.789	-0.695	-0.785	-0.779	-0.700	-0.786	-0.828	-0.788	-0.789	-0.703	-0.702	-0.790	-0.782	-0.833	-0.702	-0.701	-0.674	-0.687	-0.719	-0.782	-0.782	-0.799	-0.729	-0.731	-0.782	-0.748	-0.783	-0.733	-0.738	-0.797	-0.735	-0.756	-0.626	-0.752	-0.626	-0.623	
rs16853640     -0.629	-0.659	-0.655	-0.496	-0.635	-0.403	-0.634	-0.808	-0.516	-0.536	-0.809	-0.796	-0.791	-0.805	-0.638	-0.611	-0.606	-0.591	-0.618	-0.610	-0.616	-0.542	-0.603	-0.603	-0.721	-0.733	-0.600	-0.691	-0.892	-0.641	-0.750	-0.591	-0.631	-0.745	-0.641	-0.566	-0.768	-0.741	-0.728	-0.584	-0.507	-0.734	-0.573	-0.660	-0.737	-0.728	-0.728	-0.724	-0.725	-0.725	-0.725	-0.730	-0.791	-0.558	-0.716	-0.709	-0.564	-0.709	-0.529	-0.698	-0.626	-0.850	-0.850	-0.848	-0.850	-0.871	-0.875	-0.851	-0.851	-0.851	-0.851	-0.852	-0.852	-0.876	-0.837	-0.852	-0.852	-0.876	-0.853	-0.854	-0.883	-0.860	-0.666	-0.671	-0.670	-0.867	-0.888	-0.714	-0.848	-0.710	-0.857	-0.847	-0.847	-0.712	-0.706	-0.706	-0.710	-0.852	-0.859	-0.847	-0.795	-0.859	-0.625	-0.708	-0.720	-0.744	-0.851	-0.847	-0.848	-0.860	-0.860	-0.688	-0.700	-0.869	-0.847	-0.847	-0.852	-0.846	-0.846	-0.839	-0.845	-0.866	-0.748	-0.747	-0.797	-0.749	-0.799	-0.728	-0.763	-0.763	-0.763	-0.692	-0.358	-0.724	-0.831	-0.847	-0.829	-0.681	-0.855	-0.856	-0.690	-0.824	-0.840	-0.826	-0.845	-0.691	-0.689	-0.830	-0.848	-0.847	-0.690	-0.688	-0.699	-0.673	-0.710	-0.848	-0.848	-0.841	-0.722	-0.725	-0.851	-0.745	-0.848	-0.727	-0.733	-0.838	-0.729	-0.793	-0.616	-0.789	-0.616	-0.612	
rs12121752     -0.488	-0.500	-0.497	-0.614	-0.446	-0.634	-0.342	-0.716	-0.623	-0.648	-0.716	-0.805	-0.807	-0.679	-0.689	-0.511	-0.467	-0.514	-0.543	-0.534	-0.517	-0.676	-0.527	-0.527	-0.643	-0.657	-0.493	-0.650	-0.832	-0.570	-0.677	-0.473	-0.559	-0.673	-0.569	-0.653	-0.713	-0.694	-0.684	-0.476	-0.646	-0.689	-0.653	-0.617	-0.691	-0.684	-0.684	-0.680	-0.681	-0.681	-0.681	-0.685	-0.761	-0.653	-0.674	-0.668	-0.653	-0.667	-0.590	-0.658	-0.584	-0.737	-0.737	-0.734	-0.738	-0.773	-0.780	-0.739	-0.739	-0.739	-0.740	-0.740	-0.741	-0.782	-0.717	-0.741	-0.742	-0.782	-0.743	-0.744	-0.796	-0.756	-0.716	-0.720	-0.719	-0.770	-0.813	-0.752	-0.797	-0.749	-0.754	-0.795	-0.737	-0.750	-0.746	-0.746	-0.749	-0.746	-0.757	-0.791	-0.684	-0.758	-0.681	-0.746	-0.755	-0.690	-0.743	-0.795	-0.739	-0.760	-0.762	-0.732	-0.741	-0.779	-0.795	-0.795	-0.742	-0.795	-0.795	-0.792	-0.793	-0.780	-0.697	-0.696	-0.791	-0.752	-0.792	-0.743	-0.614	-0.614	-0.615	-0.680	-0.386	-0.731	-0.821	-0.782	-0.789	-0.694	-0.785	-0.778	-0.700	-0.786	-0.827	-0.787	-0.788	-0.702	-0.701	-0.790	-0.782	-0.832	-0.701	-0.701	-0.673	-0.687	-0.718	-0.782	-0.782	-0.799	-0.728	-0.730	-0.782	-0.747	-0.783	-0.732	-0.737	-0.797	-0.734	-0.756	-0.626	-0.752	-0.626	-0.622	
rs9730271      -0.710	-0.746	-0.741	-0.789	-0.716	-0.808	-0.716	-0.540	-0.797	-0.823	-0.668	-0.976	-0.978	-0.588	-0.863	-0.687	-0.692	-0.697	-0.726	-0.717	-0.694	-0.853	-0.710	-0.710	-0.823	-0.837	-0.681	-0.825	-1.001	-0.751	-0.858	-0.669	-0.740	-0.854	-0.751	-0.831	-0.889	-0.869	-0.858	-0.666	-0.824	-0.863	-0.831	-0.762	-0.866	-0.857	-0.858	-0.854	-0.855	-0.855	-0.855	-0.859	-0.932	-0.831	-0.847	-0.841	-0.831	-0.841	-0.728	-0.831	-0.726	-0.866	-0.866	-0.863	-0.867	-0.914	-0.920	-0.868	-0.868	-0.868	-0.869	-0.870	-0.870	-0.922	-0.842	-0.871	-0.871	-0.923	-0.873	-0.873	-0.936	-0.887	-0.850	-0.855	-0.854	-0.901	-0.955	-0.892	-0.972	-0.889	-0.884	-0.970	-0.866	-0.890	-0.885	-0.885	-0.888	-0.877	-0.888	-0.967	-0.908	-0.889	-0.815	-0.886	-0.897	-0.817	-0.873	-0.971	-0.868	-0.891	-0.893	-0.870	-0.880	-0.914	-0.970	-0.970	-0.875	-0.970	-0.970	-0.966	-0.968	-0.914	-0.816	-0.813	-0.953	-0.911	-0.954	-0.897	-0.870	-0.870	-0.870	-0.857	-0.539	-0.890	-0.978	-0.916	-0.927	-0.851	-0.924	-0.920	-0.858	-0.929	-0.986	-0.925	-0.925	-0.860	-0.859	-0.929	-0.917	-0.991	-0.859	-0.859	-0.850	-0.844	-0.877	-0.917	-0.917	-0.939	-0.887	-0.889	-0.918	-0.907	-0.918	-0.892	-0.897	-0.937	-0.893	-0.903	-0.795	-0.899	-0.795	-0.792	
rs56949555     -0.617	-0.648	-0.643	-0.501	-0.623	-0.516	-0.623	-0.797	-0.390	-0.499	-0.797	-0.780	-0.774	-0.793	-0.619	-0.600	-0.594	-0.581	-0.607	-0.599	-0.605	-0.507	-0.593	-0.593	-0.711	-0.722	-0.588	-0.679	-0.881	-0.630	-0.739	-0.580	-0.620	-0.735	-0.630	-0.539	-0.756	-0.729	-0.716	-0.573	-0.473	-0.722	-0.548	-0.651	-0.725	-0.715	-0.716	-0.712	-0.713	-0.713	-0.713	-0.718	-0.779	-0.530	-0.704	-0.697	-0.537	-0.696	-0.511	-0.686	-0.617	-0.838	-0.838	-0.836	-0.839	-0.860	-0.863	-0.839	-0.839	-0.839	-0.840	-0.840	-0.840	-0.864	-0.826	-0.841	-0.841	-0.865	-0.842	-0.842	-0.871	-0.848	-0.648	-0.653	-0.652	-0.855	-0.877	-0.697	-0.836	-0.692	-0.845	-0.835	-0.835	-0.695	-0.689	-0.689	-0.692	-0.840	-0.847	-0.836	-0.783	-0.847	-0.606	-0.691	-0.703	-0.732	-0.839	-0.835	-0.836	-0.848	-0.849	-0.670	-0.682	-0.857	-0.835	-0.835	-0.840	-0.834	-0.834	-0.827	-0.834	-0.855	-0.737	-0.736	-0.783	-0.733	-0.784	-0.712	-0.751	-0.751	-0.752	-0.677	-0.341	-0.709	-0.817	-0.835	-0.817	-0.665	-0.844	-0.844	-0.674	-0.813	-0.826	-0.815	-0.834	-0.675	-0.674	-0.818	-0.836	-0.833	-0.674	-0.673	-0.686	-0.657	-0.695	-0.836	-0.836	-0.829	-0.707	-0.709	-0.839	-0.730	-0.837	-0.712	-0.718	-0.827	-0.714	-0.782	-0.600	-0.778	-0.600	-0.596	
rs73045671     -0.642	-0.673	-0.669	-0.496	-0.649	-0.536	-0.648	-0.823	-0.499	-0.419	-0.823	-0.813	-0.809	-0.820	-0.653	-0.625	-0.620	-0.605	-0.632	-0.624	-0.630	-0.570	-0.617	-0.617	-0.735	-0.747	-0.614	-0.707	-0.907	-0.655	-0.764	-0.605	-0.645	-0.759	-0.655	-0.590	-0.783	-0.756	-0.743	-0.598	-0.536	-0.749	-0.597	-0.671	-0.752	-0.743	-0.744	-0.739	-0.740	-0.740	-0.740	-0.745	-0.805	-0.583	-0.731	-0.725	-0.588	-0.724	-0.550	-0.713	-0.636	-0.865	-0.865	-0.863	-0.865	-0.886	-0.890	-0.866	-0.866	-0.866	-0.866	-0.867	-0.867	-0.891	-0.852	-0.867	-0.867	-0.891	-0.868	-0.868	-0.897	-0.875	-0.687	-0.692	-0.691	-0.881	-0.903	-0.735	-0.862	-0.730	-0.872	-0.862	-0.862	-0.732	-0.727	-0.727	-0.730	-0.867	-0.873	-0.862	-0.809	-0.874	-0.646	-0.728	-0.740	-0.758	-0.865	-0.861	-0.863	-0.875	-0.875	-0.709	-0.721	-0.883	-0.861	-0.862	-0.866	-0.861	-0.861	-0.854	-0.860	-0.881	-0.763	-0.762	-0.815	-0.767	-0.816	-0.747	-0.778	-0.778	-0.778	-0.708	-0.377	-0.742	-0.849	-0.862	-0.843	-0.700	-0.870	-0.870	-0.709	-0.839	-0.857	-0.841	-0.860	-0.710	-0.709	-0.845	-0.863	-0.864	-0.709	-0.708	-0.715	-0.692	-0.729	-0.863	-0.863	-0.855	-0.741	-0.743	-0.865	-0.764	-0.863	-0.746	-0.752	-0.853	-0.748	-0.808	-0.635	-0.804	-0.635	-0.632	
rs10158768     -0.710	-0.746	-0.741	-0.789	-0.716	-0.809	-0.716	-0.668	-0.797	-0.823	-0.540	-0.976	-0.978	-0.584	-0.863	-0.687	-0.691	-0.697	-0.726	-0.717	-0.694	-0.853	-0.710	-0.710	-0.823	-0.837	-0.681	-0.825	-1.001	-0.751	-0.858	-0.669	-0.740	-0.854	-0.751	-0.831	-0.889	-0.869	-0.858	-0.666	-0.824	-0.863	-0.831	-0.762	-0.866	-0.858	-0.858	-0.854	-0.855	-0.855	-0.855	-0.859	-0.932	-0.831	-0.847	-0.841	-0.831	-0.841	-0.728	-0.831	-0.726	-0.866	-0.866	-0.862	-0.867	-0.914	-0.920	-0.868	-0.868	-0.868	-0.869	-0.870	-0.870	-0.922	-0.842	-0.870	-0.871	-0.923	-0.873	-0.873	-0.935	-0.886	-0.850	-0.855	-0.854	-0.901	-0.955	-0.892	-0.972	-0.888	-0.884	-0.970	-0.865	-0.890	-0.885	-0.885	-0.888	-0.877	-0.888	-0.967	-0.908	-0.889	-0.815	-0.886	-0.897	-0.817	-0.873	-0.971	-0.868	-0.891	-0.892	-0.870	-0.880	-0.914	-0.971	-0.970	-0.874	-0.970	-0.970	-0.966	-0.968	-0.914	-0.816	-0.813	-0.953	-0.911	-0.954	-0.897	-0.870	-0.870	-0.870	-0.857	-0.539	-0.890	-0.978	-0.916	-0.927	-0.852	-0.924	-0.920	-0.858	-0.929	-0.986	-0.925	-0.925	-0.860	-0.859	-0.928	-0.917	-0.991	-0.859	-0.859	-0.850	-0.844	-0.877	-0.917	-0.917	-0.939	-0.887	-0.889	-0.918	-0.907	-0.918	-0.892	-0.897	-0.937	-0.893	-0.903	-0.795	-0.899	-0.795	-0.792	
rs67939704     -0.798	-0.830	-0.826	-0.770	-0.806	-0.796	-0.805	-0.976	-0.780	-0.813	-0.976	-0.594	-0.763	-0.980	-0.880	-0.780	-0.778	-0.756	-0.784	-0.775	-0.785	-0.866	-0.768	-0.769	-0.886	-0.899	-0.769	-0.875	-1.053	-0.808	-0.917	-0.762	-0.798	-0.913	-0.808	-0.852	-0.944	-0.921	-0.909	-0.756	-0.843	-0.914	-0.853	-0.796	-0.917	-0.908	-0.909	-0.905	-0.906	-0.906	-0.906	-0.910	-0.975	-0.853	-0.898	-0.891	-0.853	-0.891	-0.710	-0.881	-0.761	-1.021	-1.021	-1.020	-1.022	-1.042	-1.045	-1.022	-1.022	-1.022	-1.023	-1.023	-1.023	-1.046	-1.009	-1.024	-1.024	-1.047	-1.025	-1.025	-1.053	-1.031	-0.906	-0.910	-0.909	-1.038	-1.058	-0.947	-1.021	-0.943	-1.028	-1.020	-1.018	-0.945	-0.940	-0.940	-0.943	-1.024	-1.030	-1.018	-0.968	-1.031	-0.870	-0.941	-0.951	-0.920	-1.022	-1.020	-1.020	-1.032	-1.032	-0.924	-0.934	-1.040	-1.020	-1.020	-1.022	-1.020	-1.020	-1.015	-1.018	-1.038	-0.925	-0.923	-1.005	-0.962	-1.006	-0.948	-0.938	-0.938	-0.938	-0.900	-0.561	-0.940	-1.034	-1.022	-1.001	-0.901	-1.031	-1.030	-0.908	-0.997	-1.041	-0.999	-1.018	-0.910	-0.909	-1.002	-1.022	-1.047	-0.909	-0.908	-0.894	-0.894	-0.927	-1.022	-1.022	-1.013	-0.938	-0.940	-1.025	-0.958	-1.023	-0.942	-0.947	-1.011	-0.944	-0.966	-0.842	-0.962	-0.842	-0.838	
rs16853647     -0.801	-0.833	-0.829	-0.764	-0.808	-0.791	-0.807	-0.978	-0.774	-0.809	-0.978	-0.763	-0.598	-0.984	-0.880	-0.783	-0.779	-0.756	-0.785	-0.775	-0.788	-0.869	-0.768	-0.769	-0.888	-0.901	-0.772	-0.879	-1.057	-0.809	-0.919	-0.763	-0.798	-0.914	-0.808	-0.857	-0.947	-0.924	-0.912	-0.757	-0.851	-0.918	-0.857	-0.803	-0.921	-0.912	-0.913	-0.909	-0.910	-0.910	-0.910	-0.914	-0.977	-0.858	-0.902	-0.895	-0.858	-0.895	-0.725	-0.885	-0.768	-1.027	-1.027	-1.026	-1.028	-1.048	-1.051	-1.028	-1.028	-1.028	-1.029	-1.029	-1.029	-1.052	-1.014	-1.029	-1.030	-1.052	-1.031	-1.031	-1.058	-1.037	-0.912	-0.917	-0.916	-1.043	-1.062	-0.953	-1.025	-0.949	-1.034	-1.024	-1.024	-0.951	-0.946	-0.946	-0.949	-1.030	-1.036	-1.022	-0.972	-1.036	-0.876	-0.947	-0.957	-0.923	-1.028	-1.024	-1.026	-1.037	-1.037	-0.931	-0.941	-1.045	-1.024	-1.024	-1.028	-1.023	-1.023	-1.018	-1.022	-1.043	-0.928	-0.927	-1.009	-0.966	-1.010	-0.953	-0.943	-0.943	-0.943	-0.903	-0.572	-0.944	-1.038	-1.025	-1.003	-0.906	-1.035	-1.034	-0.912	-0.999	-1.046	-1.001	-1.021	-0.914	-0.913	-1.004	-1.026	-1.051	-0.913	-0.912	-0.897	-0.898	-0.931	-1.026	-1.026	-1.015	-0.942	-0.944	-1.029	-0.962	-1.026	-0.946	-0.952	-1.013	-0.948	-0.968	-0.846	-0.963	-0.846	-0.843	
rs12143004     -0.669	-0.717	-0.710	-0.784	-0.679	-0.805	-0.679	-0.588	-0.793	-0.820	-0.584	-0.980	-0.984	-0.545	-0.863	-0.632	-0.647	-0.713	-0.741	-0.732	-0.641	-0.856	-0.725	-0.725	-0.840	-0.852	-0.630	-0.824	-1.011	-0.764	-0.871	-0.615	-0.754	-0.867	-0.764	-0.836	-0.895	-0.870	-0.857	-0.611	-0.831	-0.863	-0.835	-0.759	-0.867	-0.857	-0.858	-0.853	-0.855	-0.855	-0.854	-0.859	-0.932	-0.837	-0.846	-0.839	-0.836	-0.839	-0.737	-0.828	-0.724	-0.912	-0.912	-0.910	-0.913	-0.947	-0.949	-0.913	-0.913	-0.913	-0.914	-0.914	-0.914	-0.950	-0.898	-0.914	-0.915	-0.951	-0.916	-0.916	-0.955	-0.922	-0.807	-0.813	-0.811	-0.928	-0.963	-0.856	-0.976	-0.852	-0.922	-0.975	-0.912	-0.854	-0.849	-0.849	-0.852	-0.919	-0.924	-0.974	-0.913	-0.925	-0.771	-0.850	-0.862	-0.821	-0.916	-0.975	-0.914	-0.925	-0.924	-0.831	-0.842	-0.938	-0.975	-0.975	-0.918	-0.975	-0.975	-0.969	-0.974	-0.934	-0.834	-0.833	-0.939	-0.893	-0.940	-0.874	-0.886	-0.886	-0.886	-0.861	-0.509	-0.870	-0.963	-0.909	-0.898	-0.829	-0.928	-0.931	-0.837	-0.904	-0.971	-0.895	-0.911	-0.838	-0.837	-0.900	-0.911	-0.978	-0.837	-0.837	-0.853	-0.821	-0.856	-0.911	-0.911	-0.913	-0.868	-0.870	-0.916	-0.889	-0.911	-0.872	-0.878	-0.911	-0.874	-0.874	-0.777	-0.869	-0.776	-0.773	
rs12143033     -0.683	-0.714	-0.709	-0.610	-0.689	-0.638	-0.689	-0.863	-0.619	-0.653	-0.863	-0.880	-0.880	-0.863	-0.466	-0.665	-0.661	-0.644	-0.671	-0.663	-0.670	-0.694	-0.656	-0.656	-0.770	-0.783	-0.654	-0.756	-0.948	-0.694	-0.801	-0.646	-0.684	-0.796	-0.694	-0.679	-0.825	-0.801	-0.788	-0.639	-0.649	-0.794	-0.682	-0.701	-0.797	-0.788	-0.789	-0.785	-0.786	-0.786	-0.786	-0.790	-0.845	-0.675	-0.777	-0.771	-0.678	-0.770	-0.630	-0.760	-0.666	-0.906	-0.906	-0.904	-0.906	-0.927	-0.931	-0.907	-0.907	-0.907	-0.907	-0.908	-0.908	-0.932	-0.893	-0.908	-0.908	-0.932	-0.909	-0.909	-0.939	-0.916	-0.764	-0.769	-0.768	-0.923	-0.944	-0.808	-0.905	-0.804	-0.913	-0.905	-0.903	-0.806	-0.800	-0.800	-0.804	-0.908	-0.914	-0.904	-0.851	-0.915	-0.726	-0.799	-0.813	-0.801	-0.906	-0.904	-0.904	-0.916	-0.916	-0.784	-0.795	-0.925	-0.904	-0.904	-0.905	-0.904	-0.904	-0.898	-0.903	-0.923	-0.805	-0.804	-0.874	-0.828	-0.875	-0.813	-0.819	-0.819	-0.820	-0.763	-0.453	-0.807	-0.906	-0.904	-0.886	-0.767	-0.913	-0.912	-0.774	-0.881	-0.914	-0.883	-0.901	-0.776	-0.774	-0.887	-0.905	-0.921	-0.775	-0.774	-0.763	-0.759	-0.793	-0.905	-0.905	-0.897	-0.805	-0.807	-0.908	-0.826	-0.905	-0.809	-0.815	-0.895	-0.811	-0.851	-0.705	-0.847	-0.705	-0.701	
rs28913568     -0.506	-0.510	-0.509	-0.591	-0.511	-0.611	-0.511	-0.687	-0.600	-0.625	-0.687	-0.780	-0.783	-0.632	-0.665	-0.314	-0.478	-0.483	-0.513	-0.504	-0.421	-0.651	-0.497	-0.497	-0.612	-0.627	-0.435	-0.626	-0.806	-0.540	-0.653	-0.456	-0.529	-0.649	-0.540	-0.627	-0.687	-0.669	-0.660	-0.461	-0.619	-0.664	-0.627	-0.609	-0.667	-0.659	-0.660	-0.656	-0.657	-0.657	-0.657	-0.661	-0.737	-0.627	-0.650	-0.644	-0.627	-0.644	-0.581	-0.635	-0.576	-0.705	-0.705	-0.702	-0.706	-0.743	-0.750	-0.708	-0.707	-0.707	-0.708	-0.709	-0.709	-0.752	-0.689	-0.710	-0.710	-0.753	-0.712	-0.712	-0.768	-0.726	-0.698	-0.702	-0.701	-0.741	-0.787	-0.733	-0.773	-0.729	-0.723	-0.771	-0.705	-0.731	-0.727	-0.727	-0.729	-0.715	-0.727	-0.768	-0.653	-0.728	-0.663	-0.727	-0.736	-0.664	-0.712	-0.771	-0.708	-0.730	-0.732	-0.713	-0.722	-0.751	-0.771	-0.771	-0.711	-0.771	-0.771	-0.767	-0.769	-0.752	-0.672	-0.672	-0.767	-0.728	-0.768	-0.720	-0.573	-0.573	-0.574	-0.654	-0.358	-0.706	-0.799	-0.756	-0.769	-0.670	-0.758	-0.750	-0.676	-0.766	-0.805	-0.768	-0.765	-0.678	-0.677	-0.770	-0.757	-0.810	-0.677	-0.677	-0.648	-0.663	-0.694	-0.757	-0.757	-0.779	-0.704	-0.706	-0.756	-0.723	-0.757	-0.708	-0.713	-0.777	-0.710	-0.735	-0.597	-0.731	-0.597	-0.594	
rs28914538     -0.491	-0.500	-0.498	-0.586	-0.467	-0.606	-0.467	-0.692	-0.594	-0.620	-0.691	-0.778	-0.779	-0.647	-0.661	-0.478	-0.309	-0.483	-0.513	-0.504	-0.483	-0.648	-0.497	-0.497	-0.613	-0.628	-0.456	-0.622	-0.801	-0.540	-0.648	-0.430	-0.529	-0.644	-0.540	-0.625	-0.684	-0.666	-0.656	-0.437	-0.617	-0.661	-0.624	-0.595	-0.663	-0.656	-0.656	-0.652	-0.653	-0.653	-0.653	-0.657	-0.734	-0.624	-0.646	-0.640	-0.624	-0.639	-0.567	-0.630	-0.562	-0.706	-0.706	-0.703	-0.707	-0.743	-0.750	-0.708	-0.708	-0.708	-0.709	-0.710	-0.710	-0.752	-0.685	-0.710	-0.711	-0.753	-0.712	-0.713	-0.766	-0.726	-0.692	-0.696	-0.695	-0.741	-0.785	-0.727	-0.769	-0.724	-0.723	-0.767	-0.706	-0.725	-0.721	-0.721	-0.724	-0.716	-0.727	-0.763	-0.655	-0.728	-0.657	-0.721	-0.730	-0.661	-0.713	-0.767	-0.709	-0.730	-0.732	-0.707	-0.716	-0.750	-0.767	-0.767	-0.712	-0.767	-0.767	-0.764	-0.765	-0.751	-0.669	-0.668	-0.765	-0.726	-0.765	-0.717	-0.582	-0.582	-0.583	-0.652	-0.360	-0.704	-0.795	-0.754	-0.763	-0.668	-0.757	-0.750	-0.674	-0.760	-0.801	-0.762	-0.761	-0.676	-0.675	-0.764	-0.755	-0.806	-0.675	-0.675	-0.645	-0.661	-0.692	-0.755	-0.755	-0.773	-0.702	-0.704	-0.754	-0.721	-0.755	-0.706	-0.711	-0.771	-0.708	-0.729	-0.598	-0.725	-0.598	-0.595	
rs114031061    -0.504	-0.540	-0.535	-0.573	-0.514	-0.591	-0.514	-0.697	-0.581	-0.605	-0.697	-0.756	-0.756	-0.713	-0.644	-0.483	-0.483	-0.289	-0.402	-0.394	-0.489	-0.628	-0.391	-0.391	-0.594	-0.608	-0.472	-0.602	-0.776	-0.384	-0.628	-0.464	-0.393	-0.625	-0.389	-0.604	-0.665	-0.647	-0.636	-0.456	-0.595	-0.641	-0.604	-0.595	-0.644	-0.636	-0.637	-0.633	-0.634	-0.634	-0.634	-0.638	-0.715	-0.604	-0.626	-0.621	-0.604	-0.620	-0.565	-0.611	-0.563	-0.759	-0.759	-0.758	-0.759	-0.779	-0.780	-0.760	-0.760	-0.760	-0.760	-0.760	-0.760	-0.781	-0.750	-0.760	-0.761	-0.781	-0.761	-0.761	-0.783	-0.765	-0.687	-0.691	-0.690	-0.768	-0.789	-0.721	-0.747	-0.718	-0.763	-0.744	-0.757	-0.719	-0.715	-0.715	-0.718	-0.761	-0.764	-0.738	-0.692	-0.765	-0.655	-0.715	-0.724	-0.641	-0.759	-0.745	-0.758	-0.765	-0.764	-0.703	-0.711	-0.770	-0.745	-0.745	-0.761	-0.745	-0.745	-0.744	-0.742	-0.768	-0.650	-0.649	-0.747	-0.708	-0.748	-0.702	-0.667	-0.667	-0.667	-0.632	-0.352	-0.697	-0.778	-0.739	-0.712	-0.662	-0.754	-0.755	-0.667	-0.711	-0.784	-0.710	-0.730	-0.670	-0.669	-0.713	-0.740	-0.789	-0.669	-0.668	-0.625	-0.655	-0.685	-0.740	-0.740	-0.726	-0.694	-0.696	-0.744	-0.712	-0.741	-0.698	-0.703	-0.723	-0.700	-0.672	-0.606	-0.668	-0.606	-0.603	
rs11583272     -0.534	-0.570	-0.565	-0.598	-0.544	-0.618	-0.543	-0.726	-0.607	-0.632	-0.726	-0.784	-0.785	-0.741	-0.671	-0.513	-0.513	-0.402	-0.321	-0.421	-0.519	-0.656	-0.417	-0.417	-0.624	-0.638	-0.502	-0.629	-0.806	-0.440	-0.658	-0.495	-0.441	-0.654	-0.442	-0.633	-0.694	-0.674	-0.664	-0.487	-0.624	-0.669	-0.633	-0.614	-0.672	-0.664	-0.664	-0.660	-0.661	-0.661	-0.661	-0.665	-0.743	-0.632	-0.654	-0.648	-0.632	-0.647	-0.585	-0.638	-0.581	-0.786	-0.786	-0.785	-0.786	-0.806	-0.807	-0.787	-0.786	-0.787	-0.787	-0.787	-0.787	-0.808	-0.776	-0.787	-0.788	-0.808	-0.788	-0.788	-0.811	-0.792	-0.709	-0.713	-0.712	-0.796	-0.817	-0.743	-0.775	-0.740	-0.790	-0.773	-0.784	-0.741	-0.737	-0.737	-0.740	-0.787	-0.792	-0.767	-0.720	-0.792	-0.676	-0.737	-0.746	-0.669	-0.786	-0.774	-0.784	-0.792	-0.792	-0.724	-0.733	-0.798	-0.773	-0.773	-0.787	-0.774	-0.773	-0.771	-0.771	-0.796	-0.678	-0.677	-0.773	-0.734	-0.774	-0.727	-0.694	-0.694	-0.694	-0.660	-0.375	-0.721	-0.804	-0.769	-0.742	-0.686	-0.782	-0.783	-0.691	-0.741	-0.810	-0.740	-0.760	-0.693	-0.692	-0.744	-0.769	-0.815	-0.693	-0.692	-0.653	-0.678	-0.709	-0.769	-0.769	-0.756	-0.718	-0.720	-0.773	-0.736	-0.770	-0.722	-0.727	-0.753	-0.724	-0.703	-0.629	-0.699	-0.629	-0.626	
rs11588143     -0.525	-0.561	-0.556	-0.591	-0.535	-0.610	-0.534	-0.717	-0.599	-0.624	-0.717	-0.775	-0.775	-0.732	-0.663	-0.504	-0.504	-0.394	-0.421	-0.310	-0.510	-0.647	-0.406	-0.407	-0.614	-0.629	-0.493	-0.621	-0.796	-0.418	-0.649	-0.486	-0.424	-0.645	-0.421	-0.624	-0.685	-0.666	-0.655	-0.478	-0.615	-0.660	-0.624	-0.608	-0.663	-0.655	-0.656	-0.652	-0.653	-0.653	-0.653	-0.657	-0.734	-0.623	-0.645	-0.639	-0.623	-0.639	-0.578	-0.630	-0.575	-0.777	-0.777	-0.776	-0.778	-0.797	-0.799	-0.778	-0.778	-0.778	-0.778	-0.779	-0.779	-0.799	-0.768	-0.779	-0.779	-0.799	-0.780	-0.780	-0.802	-0.784	-0.702	-0.706	-0.705	-0.787	-0.808	-0.736	-0.766	-0.733	-0.782	-0.764	-0.775	-0.734	-0.730	-0.730	-0.733	-0.779	-0.783	-0.758	-0.712	-0.783	-0.669	-0.730	-0.739	-0.660	-0.778	-0.765	-0.776	-0.784	-0.783	-0.718	-0.726	-0.789	-0.764	-0.764	-0.779	-0.765	-0.765	-0.763	-0.762	-0.787	-0.669	-0.668	-0.765	-0.726	-0.766	-0.719	-0.686	-0.686	-0.686	-0.651	-0.368	-0.713	-0.796	-0.759	-0.733	-0.678	-0.773	-0.774	-0.683	-0.731	-0.802	-0.730	-0.750	-0.686	-0.685	-0.734	-0.760	-0.807	-0.685	-0.684	-0.644	-0.671	-0.701	-0.760	-0.760	-0.746	-0.711	-0.713	-0.764	-0.729	-0.761	-0.715	-0.719	-0.744	-0.716	-0.693	-0.622	-0.689	-0.622	-0.619	
rs2791935      -0.512	-0.518	-0.516	-0.596	-0.517	-0.616	-0.517	-0.694	-0.605	-0.630	-0.694	-0.785	-0.788	-0.641	-0.670	-0.421	-0.483	-0.489	-0.519	-0.510	-0.320	-0.656	-0.502	-0.503	-0.617	-0.632	-0.438	-0.631	-0.812	-0.546	-0.658	-0.459	-0.535	-0.654	-0.546	-0.633	-0.692	-0.674	-0.665	-0.463	-0.624	-0.669	-0.632	-0.612	-0.672	-0.664	-0.665	-0.661	-0.662	-0.662	-0.662	-0.666	-0.742	-0.632	-0.655	-0.649	-0.632	-0.649	-0.584	-0.640	-0.579	-0.712	-0.712	-0.709	-0.713	-0.750	-0.756	-0.714	-0.714	-0.714	-0.715	-0.716	-0.716	-0.759	-0.696	-0.716	-0.717	-0.759	-0.719	-0.719	-0.774	-0.732	-0.702	-0.706	-0.705	-0.747	-0.792	-0.737	-0.778	-0.733	-0.729	-0.776	-0.712	-0.735	-0.731	-0.731	-0.733	-0.722	-0.733	-0.773	-0.659	-0.734	-0.667	-0.731	-0.740	-0.669	-0.719	-0.776	-0.714	-0.736	-0.739	-0.717	-0.726	-0.756	-0.776	-0.776	-0.718	-0.776	-0.776	-0.772	-0.774	-0.758	-0.677	-0.677	-0.772	-0.733	-0.773	-0.725	-0.580	-0.580	-0.581	-0.660	-0.363	-0.711	-0.803	-0.762	-0.774	-0.675	-0.764	-0.756	-0.680	-0.770	-0.809	-0.772	-0.770	-0.683	-0.682	-0.775	-0.762	-0.814	-0.682	-0.681	-0.653	-0.667	-0.699	-0.762	-0.762	-0.783	-0.709	-0.711	-0.761	-0.728	-0.763	-0.713	-0.718	-0.781	-0.715	-0.739	-0.603	-0.736	-0.603	-0.599	
rs28914503     -0.669	-0.701	-0.697	-0.492	-0.676	-0.542	-0.676	-0.853	-0.507	-0.570	-0.853	-0.866	-0.869	-0.856	-0.694	-0.651	-0.648	-0.628	-0.656	-0.647	-0.656	-0.455	-0.640	-0.641	-0.757	-0.770	-0.640	-0.744	-0.933	-0.680	-0.788	-0.632	-0.670	-0.784	-0.680	-0.636	-0.814	-0.791	-0.779	-0.626	-0.613	-0.785	-0.639	-0.671	-0.788	-0.779	-0.779	-0.775	-0.776	-0.776	-0.776	-0.781	-0.819	-0.636	-0.768	-0.761	-0.639	-0.761	-0.630	-0.751	-0.635	-0.896	-0.897	-0.895	-0.897	-0.918	-0.922	-0.898	-0.898	-0.898	-0.898	-0.899	-0.899	-0.923	-0.884	-0.899	-0.899	-0.923	-0.900	-0.900	-0.929	-0.906	-0.762	-0.767	-0.766	-0.913	-0.934	-0.804	-0.896	-0.800	-0.903	-0.895	-0.894	-0.802	-0.797	-0.797	-0.800	-0.899	-0.905	-0.893	-0.841	-0.906	-0.724	-0.798	-0.809	-0.791	-0.897	-0.894	-0.895	-0.907	-0.907	-0.781	-0.791	-0.915	-0.895	-0.894	-0.898	-0.894	-0.894	-0.889	-0.893	-0.913	-0.796	-0.795	-0.867	-0.823	-0.868	-0.808	-0.809	-0.809	-0.809	-0.741	-0.443	-0.800	-0.899	-0.894	-0.875	-0.760	-0.903	-0.903	-0.767	-0.872	-0.907	-0.873	-0.891	-0.769	-0.768	-0.876	-0.895	-0.913	-0.768	-0.767	-0.740	-0.752	-0.787	-0.895	-0.895	-0.887	-0.798	-0.800	-0.898	-0.819	-0.896	-0.802	-0.808	-0.885	-0.804	-0.840	-0.699	-0.836	-0.699	-0.696	
rs28914497     -0.518	-0.553	-0.548	-0.584	-0.528	-0.603	-0.527	-0.710	-0.593	-0.617	-0.710	-0.768	-0.768	-0.725	-0.656	-0.497	-0.497	-0.391	-0.417	-0.406	-0.502	-0.640	-0.303	-0.401	-0.607	-0.621	-0.486	-0.614	-0.789	-0.407	-0.641	-0.478	-0.412	-0.637	-0.411	-0.617	-0.678	-0.659	-0.648	-0.470	-0.608	-0.653	-0.617	-0.603	-0.656	-0.648	-0.649	-0.645	-0.646	-0.646	-0.646	-0.650	-0.727	-0.616	-0.638	-0.633	-0.616	-0.632	-0.574	-0.623	-0.571	-0.771	-0.771	-0.770	-0.771	-0.791	-0.792	-0.772	-0.771	-0.772	-0.772	-0.772	-0.772	-0.793	-0.761	-0.772	-0.772	-0.793	-0.773	-0.773	-0.795	-0.777	-0.697	-0.701	-0.700	-0.780	-0.801	-0.731	-0.759	-0.728	-0.775	-0.757	-0.769	-0.729	-0.725	-0.725	-0.728	-0.772	-0.776	-0.751	-0.705	-0.777	-0.664	-0.725	-0.734	-0.653	-0.771	-0.758	-0.770	-0.777	-0.776	-0.712	-0.721	-0.783	-0.758	-0.757	-0.772	-0.758	-0.758	-0.756	-0.755	-0.780	-0.662	-0.662	-0.758	-0.719	-0.759	-0.713	-0.679	-0.679	-0.679	-0.645	-0.362	-0.707	-0.790	-0.752	-0.725	-0.672	-0.767	-0.768	-0.678	-0.724	-0.796	-0.723	-0.743	-0.680	-0.679	-0.727	-0.753	-0.801	-0.680	-0.679	-0.637	-0.665	-0.696	-0.753	-0.753	-0.739	-0.705	-0.707	-0.757	-0.723	-0.753	-0.709	-0.713	-0.736	-0.710	-0.686	-0.616	-0.681	-0.616	-0.613	
rs79657632     -0.518	-0.554	-0.549	-0.584	-0.528	-0.603	-0.527	-0.710	-0.593	-0.617	-0.710	-0.769	-0.769	-0.725	-0.656	-0.497	-0.497	-0.391	-0.417	-0.407	-0.503	-0.641	-0.401	-0.303	-0.607	-0.621	-0.486	-0.614	-0.789	-0.408	-0.642	-0.478	-0.412	-0.638	-0.411	-0.617	-0.678	-0.659	-0.649	-0.470	-0.608	-0.654	-0.617	-0.603	-0.656	-0.649	-0.649	-0.645	-0.646	-0.646	-0.646	-0.650	-0.728	-0.617	-0.639	-0.633	-0.617	-0.632	-0.574	-0.623	-0.571	-0.771	-0.771	-0.770	-0.771	-0.791	-0.792	-0.772	-0.772	-0.772	-0.772	-0.772	-0.772	-0.793	-0.761	-0.773	-0.773	-0.793	-0.773	-0.773	-0.795	-0.777	-0.697	-0.701	-0.700	-0.781	-0.801	-0.731	-0.759	-0.728	-0.776	-0.757	-0.769	-0.729	-0.725	-0.725	-0.728	-0.773	-0.777	-0.751	-0.705	-0.777	-0.665	-0.725	-0.734	-0.653	-0.771	-0.758	-0.770	-0.777	-0.777	-0.712	-0.721	-0.783	-0.758	-0.757	-0.773	-0.758	-0.758	-0.756	-0.755	-0.781	-0.663	-0.662	-0.759	-0.719	-0.759	-0.713	-0.679	-0.679	-0.679	-0.645	-0.363	-0.707	-0.790	-0.752	-0.726	-0.673	-0.767	-0.768	-0.678	-0.724	-0.796	-0.723	-0.743	-0.680	-0.679	-0.727	-0.753	-0.801	-0.680	-0.679	-0.637	-0.666	-0.696	-0.753	-0.753	-0.739	-0.705	-0.707	-0.757	-0.723	-0.754	-0.709	-0.714	-0.736	-0.711	-0.686	-0.617	-0.681	-0.616	-0.613	
rs6672395      -0.632	-0.668	-0.663	-0.703	-0.643	-0.721	-0.643	-0.823	-0.711	-0.735	-0.823	-0.886	-0.888	-0.840	-0.770	-0.612	-0.613	-0.594	-0.624	-0.614	-0.617	-0.757	-0.607	-0.607	-0.436	-0.556	-0.601	-0.461	-0.873	-0.649	-0.583	-0.595	-0.639	-0.598	-0.649	-0.734	-0.721	-0.617	-0.574	-0.587	-0.724	-0.593	-0.734	-0.655	-0.605	-0.575	-0.577	-0.565	-0.569	-0.569	-0.568	-0.583	-0.765	-0.733	-0.546	-0.528	-0.733	-0.527	-0.601	-0.501	-0.620	-0.884	-0.884	-0.883	-0.885	-0.903	-0.904	-0.885	-0.885	-0.885	-0.885	-0.886	-0.886	-0.905	-0.875	-0.886	-0.886	-0.905	-0.887	-0.887	-0.906	-0.890	-0.701	-0.707	-0.705	-0.893	-0.905	-0.749	-0.796	-0.745	-0.889	-0.798	-0.882	-0.747	-0.741	-0.741	-0.745	-0.886	-0.890	-0.815	-0.819	-0.890	-0.654	-0.747	-0.757	-0.770	-0.885	-0.794	-0.883	-0.890	-0.889	-0.723	-0.735	-0.895	-0.795	-0.797	-0.886	-0.793	-0.793	-0.776	-0.799	-0.891	-0.779	-0.779	-0.783	-0.733	-0.785	-0.723	-0.797	-0.796	-0.797	-0.760	-0.363	-0.694	-0.846	-0.865	-0.816	-0.648	-0.878	-0.881	-0.664	-0.815	-0.856	-0.813	-0.860	-0.659	-0.658	-0.817	-0.866	-0.863	-0.658	-0.657	-0.756	-0.638	-0.681	-0.866	-0.866	-0.831	-0.695	-0.698	-0.870	-0.722	-0.867	-0.701	-0.708	-0.828	-0.703	-0.773	-0.577	-0.769	-0.577	-0.573	
rs2011265      -0.647	-0.683	-0.678	-0.714	-0.657	-0.733	-0.657	-0.837	-0.722	-0.747	-0.837	-0.899	-0.901	-0.852	-0.783	-0.627	-0.628	-0.608	-0.638	-0.629	-0.632	-0.770	-0.621	-0.621	-0.556	-0.450	-0.616	-0.496	-0.888	-0.664	-0.601	-0.610	-0.653	-0.614	-0.663	-0.747	-0.738	-0.641	-0.600	-0.602	-0.738	-0.619	-0.747	-0.669	-0.629	-0.601	-0.603	-0.592	-0.595	-0.595	-0.595	-0.609	-0.782	-0.747	-0.573	-0.556	-0.747	-0.555	-0.617	-0.530	-0.633	-0.896	-0.896	-0.895	-0.897	-0.915	-0.917	-0.897	-0.897	-0.897	-0.897	-0.898	-0.898	-0.917	-0.887	-0.898	-0.898	-0.917	-0.899	-0.899	-0.919	-0.903	-0.719	-0.725	-0.723	-0.906	-0.918	-0.767	-0.813	-0.762	-0.901	-0.815	-0.894	-0.764	-0.759	-0.759	-0.762	-0.898	-0.902	-0.831	-0.832	-0.902	-0.672	-0.764	-0.774	-0.783	-0.897	-0.811	-0.895	-0.903	-0.902	-0.741	-0.752	-0.908	-0.813	-0.814	-0.898	-0.811	-0.811	-0.794	-0.815	-0.904	-0.792	-0.791	-0.802	-0.751	-0.803	-0.742	-0.809	-0.809	-0.809	-0.774	-0.382	-0.714	-0.863	-0.879	-0.832	-0.668	-0.891	-0.895	-0.684	-0.831	-0.872	-0.829	-0.874	-0.679	-0.678	-0.833	-0.880	-0.879	-0.678	-0.678	-0.768	-0.659	-0.701	-0.880	-0.880	-0.847	-0.715	-0.717	-0.884	-0.741	-0.880	-0.720	-0.728	-0.844	-0.723	-0.790	-0.599	-0.785	-0.598	-0.594	
rs2816192      -0.488	-0.488	-0.487	-0.580	-0.493	-0.600	-0.493	-0.681	-0.588	-0.614	-0.681	-0.769	-0.772	-0.630	-0.654	-0.435	-0.456	-0.472	-0.502	-0.493	-0.438	-0.640	-0.486	-0.486	-0.601	-0.616	-0.301	-0.615	-0.794	-0.529	-0.638	-0.435	-0.518	-0.634	-0.529	-0.616	-0.676	-0.659	-0.649	-0.440	-0.608	-0.654	-0.616	-0.599	-0.656	-0.649	-0.649	-0.646	-0.647	-0.646	-0.646	-0.650	-0.727	-0.616	-0.639	-0.634	-0.616	-0.633	-0.570	-0.624	-0.566	-0.687	-0.688	-0.684	-0.689	-0.727	-0.734	-0.690	-0.689	-0.690	-0.690	-0.691	-0.691	-0.736	-0.671	-0.692	-0.693	-0.737	-0.694	-0.695	-0.753	-0.709	-0.690	-0.694	-0.693	-0.725	-0.773	-0.724	-0.761	-0.720	-0.706	-0.760	-0.688	-0.722	-0.718	-0.718	-0.720	-0.698	-0.711	-0.756	-0.634	-0.712	-0.655	-0.718	-0.727	-0.653	-0.695	-0.760	-0.690	-0.714	-0.716	-0.705	-0.713	-0.736	-0.760	-0.760	-0.694	-0.760	-0.760	-0.756	-0.758	-0.738	-0.661	-0.661	-0.758	-0.720	-0.759	-0.712	-0.550	-0.550	-0.551	-0.644	-0.353	-0.698	-0.789	-0.744	-0.759	-0.662	-0.745	-0.737	-0.668	-0.755	-0.795	-0.757	-0.753	-0.671	-0.669	-0.760	-0.744	-0.800	-0.670	-0.669	-0.637	-0.655	-0.686	-0.744	-0.744	-0.768	-0.696	-0.698	-0.743	-0.715	-0.745	-0.700	-0.705	-0.766	-0.702	-0.726	-0.591	-0.722	-0.591	-0.588	
rs34535070     -0.644	-0.675	-0.670	-0.669	-0.650	-0.691	-0.650	-0.825	-0.679	-0.707	-0.825	-0.875	-0.879	-0.824	-0.756	-0.626	-0.622	-0.602	-0.629	-0.621	-0.631	-0.744	-0.614	-0.614	-0.461	-0.496	-0.615	-0.422	-0.869	-0.653	-0.549	-0.606	-0.643	-0.552	-0.653	-0.724	-0.658	-0.655	-0.651	-0.600	-0.720	-0.655	-0.724	-0.664	-0.657	-0.652	-0.653	-0.650	-0.651	-0.651	-0.651	-0.654	-0.786	-0.725	-0.645	-0.641	-0.725	-0.640	-0.636	-0.631	-0.629	-0.858	-0.858	-0.856	-0.858	-0.880	-0.884	-0.859	-0.859	-0.859	-0.860	-0.860	-0.860	-0.885	-0.844	-0.861	-0.861	-0.886	-0.862	-0.862	-0.893	-0.869	-0.768	-0.773	-0.772	-0.877	-0.901	-0.807	-0.844	-0.803	-0.866	-0.841	-0.855	-0.805	-0.800	-0.801	-0.803	-0.861	-0.868	-0.834	-0.812	-0.868	-0.733	-0.800	-0.811	-0.760	-0.859	-0.843	-0.856	-0.869	-0.870	-0.786	-0.795	-0.879	-0.842	-0.842	-0.857	-0.843	-0.843	-0.843	-0.839	-0.878	-0.764	-0.762	-0.854	-0.813	-0.855	-0.803	-0.777	-0.777	-0.777	-0.749	-0.440	-0.792	-0.884	-0.865	-0.851	-0.755	-0.873	-0.872	-0.761	-0.847	-0.891	-0.848	-0.864	-0.763	-0.762	-0.852	-0.866	-0.896	-0.763	-0.762	-0.741	-0.748	-0.780	-0.866	-0.866	-0.862	-0.790	-0.792	-0.868	-0.810	-0.866	-0.794	-0.799	-0.860	-0.796	-0.817	-0.697	-0.813	-0.697	-0.693	
rs12132572     -0.826	-0.859	-0.854	-0.872	-0.832	-0.892	-0.832	-1.001	-0.881	-0.907	-1.001	-1.053	-1.057	-1.011	-0.948	-0.806	-0.801	-0.776	-0.806	-0.796	-0.812	-0.933	-0.789	-0.789	-0.873	-0.888	-0.794	-0.869	-0.629	-0.831	-0.906	-0.784	-0.820	-0.903	-0.831	-0.913	-0.963	-0.929	-0.913	-0.778	-0.905	-0.921	-0.912	-0.781	-0.924	-0.913	-0.914	-0.909	-0.910	-0.910	-0.910	-0.916	-1.013	-0.913	-0.900	-0.893	-0.912	-0.892	-0.798	-0.880	-0.743	-1.060	-1.060	-1.058	-1.060	-1.082	-1.085	-1.061	-1.061	-1.061	-1.061	-1.062	-1.062	-1.086	-1.048	-1.062	-1.062	-1.086	-1.063	-1.063	-1.092	-1.069	-0.949	-0.953	-0.952	-1.076	-1.096	-0.989	-1.002	-0.985	-1.066	-1.003	-1.057	-0.987	-0.982	-0.982	-0.985	-1.062	-1.068	-1.003	-1.001	-1.068	-0.911	-0.983	-0.993	-0.946	-1.060	-1.002	-1.058	-1.069	-1.070	-0.967	-0.977	-1.078	-1.003	-1.003	-1.060	-1.002	-1.002	-0.993	-1.002	-1.075	-0.954	-0.953	-1.024	-0.979	-1.024	-0.974	-0.970	-0.970	-0.970	-0.943	-0.625	-0.953	-1.066	-1.055	-1.025	-0.913	-1.064	-1.064	-0.922	-1.019	-1.074	-1.022	-1.051	-0.923	-0.921	-1.026	-1.056	-1.079	-0.922	-0.921	-0.936	-0.905	-0.941	-1.056	-1.056	-1.037	-0.952	-0.954	-1.059	-0.974	-1.056	-0.956	-0.962	-1.035	-0.958	-0.988	-0.851	-0.983	-0.851	-0.848	
rs17362310     -0.561	-0.596	-0.591	-0.622	-0.570	-0.641	-0.570	-0.751	-0.630	-0.655	-0.751	-0.808	-0.809	-0.764	-0.694	-0.540	-0.540	-0.384	-0.440	-0.418	-0.546	-0.680	-0.407	-0.408	-0.649	-0.664	-0.529	-0.653	-0.831	-0.347	-0.683	-0.522	-0.444	-0.679	-0.451	-0.657	-0.718	-0.698	-0.687	-0.514	-0.648	-0.692	-0.657	-0.627	-0.695	-0.687	-0.688	-0.684	-0.685	-0.685	-0.685	-0.689	-0.766	-0.657	-0.677	-0.671	-0.657	-0.671	-0.600	-0.661	-0.594	-0.808	-0.809	-0.807	-0.809	-0.829	-0.830	-0.809	-0.809	-0.809	-0.810	-0.810	-0.810	-0.831	-0.798	-0.810	-0.810	-0.831	-0.811	-0.811	-0.834	-0.815	-0.726	-0.730	-0.729	-0.819	-0.840	-0.761	-0.799	-0.758	-0.813	-0.797	-0.806	-0.759	-0.755	-0.755	-0.758	-0.810	-0.815	-0.792	-0.745	-0.815	-0.692	-0.755	-0.764	-0.693	-0.809	-0.798	-0.807	-0.815	-0.815	-0.742	-0.750	-0.822	-0.797	-0.797	-0.810	-0.798	-0.797	-0.795	-0.795	-0.820	-0.702	-0.701	-0.795	-0.755	-0.795	-0.747	-0.718	-0.718	-0.718	-0.684	-0.394	-0.740	-0.826	-0.793	-0.767	-0.705	-0.806	-0.807	-0.710	-0.766	-0.832	-0.765	-0.784	-0.713	-0.712	-0.769	-0.793	-0.837	-0.712	-0.711	-0.677	-0.698	-0.728	-0.793	-0.794	-0.781	-0.738	-0.740	-0.797	-0.757	-0.794	-0.742	-0.747	-0.778	-0.744	-0.728	-0.648	-0.724	-0.648	-0.644	
rs1807915      -0.667	-0.703	-0.698	-0.731	-0.677	-0.750	-0.677	-0.858	-0.739	-0.764	-0.858	-0.917	-0.919	-0.871	-0.801	-0.653	-0.648	-0.628	-0.658	-0.649	-0.658	-0.788	-0.641	-0.642	-0.583	-0.601	-0.638	-0.549	-0.906	-0.683	-0.470	-0.631	-0.673	-0.611	-0.683	-0.766	-0.763	-0.676	-0.640	-0.624	-0.757	-0.656	-0.766	-0.691	-0.666	-0.640	-0.642	-0.632	-0.635	-0.635	-0.634	-0.647	-0.808	-0.765	-0.615	-0.599	-0.765	-0.598	-0.642	-0.575	-0.655	-0.913	-0.913	-0.912	-0.914	-0.932	-0.934	-0.914	-0.914	-0.914	-0.914	-0.915	-0.915	-0.935	-0.903	-0.915	-0.915	-0.935	-0.916	-0.916	-0.937	-0.920	-0.742	-0.747	-0.746	-0.923	-0.937	-0.789	-0.832	-0.785	-0.918	-0.834	-0.911	-0.787	-0.781	-0.781	-0.785	-0.915	-0.919	-0.848	-0.850	-0.919	-0.696	-0.786	-0.796	-0.801	-0.914	-0.830	-0.912	-0.920	-0.919	-0.764	-0.775	-0.925	-0.831	-0.833	-0.914	-0.830	-0.830	-0.815	-0.834	-0.921	-0.810	-0.809	-0.824	-0.774	-0.825	-0.765	-0.826	-0.826	-0.827	-0.792	-0.402	-0.738	-0.883	-0.898	-0.853	-0.692	-0.910	-0.913	-0.707	-0.852	-0.892	-0.851	-0.893	-0.703	-0.702	-0.855	-0.899	-0.900	-0.702	-0.702	-0.786	-0.683	-0.725	-0.899	-0.899	-0.868	-0.739	-0.741	-0.903	-0.765	-0.899	-0.744	-0.751	-0.865	-0.746	-0.812	-0.623	-0.807	-0.623	-0.619	
rs113411890    -0.494	-0.500	-0.499	-0.571	-0.473	-0.591	-0.473	-0.669	-0.580	-0.605	-0.669	-0.762	-0.763	-0.615	-0.646	-0.456	-0.430	-0.464	-0.495	-0.486	-0.459	-0.632	-0.478	-0.478	-0.595	-0.610	-0.435	-0.606	-0.784	-0.522	-0.631	-0.291	-0.511	-0.627	-0.522	-0.608	-0.668	-0.650	-0.640	-0.411	-0.600	-0.645	-0.608	-0.587	-0.648	-0.640	-0.641	-0.637	-0.638	-0.638	-0.638	-0.642	-0.718	-0.608	-0.631	-0.625	-0.608	-0.625	-0.559	-0.615	-0.555	-0.688	-0.688	-0.685	-0.689	-0.726	-0.733	-0.691	-0.690	-0.690	-0.691	-0.692	-0.692	-0.735	-0.667	-0.693	-0.693	-0.736	-0.695	-0.695	-0.750	-0.708	-0.679	-0.683	-0.682	-0.724	-0.769	-0.714	-0.754	-0.710	-0.706	-0.752	-0.688	-0.712	-0.708	-0.708	-0.710	-0.699	-0.710	-0.748	-0.638	-0.711	-0.644	-0.708	-0.717	-0.645	-0.695	-0.752	-0.691	-0.713	-0.716	-0.694	-0.703	-0.733	-0.752	-0.752	-0.694	-0.752	-0.752	-0.748	-0.750	-0.735	-0.653	-0.653	-0.749	-0.710	-0.750	-0.702	-0.562	-0.562	-0.563	-0.636	-0.341	-0.688	-0.780	-0.739	-0.750	-0.652	-0.741	-0.734	-0.657	-0.746	-0.786	-0.749	-0.747	-0.660	-0.659	-0.751	-0.740	-0.791	-0.659	-0.658	-0.629	-0.644	-0.676	-0.740	-0.740	-0.760	-0.686	-0.688	-0.739	-0.705	-0.740	-0.690	-0.695	-0.758	-0.692	-0.715	-0.579	-0.711	-0.579	-0.576	
