## Summary of overall evidence for association with region:
## log10(BF for region) = -0.324142
## p-value for region = NA

## BFs for choosing among multi-SNP models:
## log10(average 1-SNP BF) = -0.266221
## log10(average 2-SNP BF) = -0.47004

## Example posterior probabilities for multi-SNP models, based on default prior: [p(l) propto 0.5^l for l=1,2,...,L]
## posterior probability of 1-SNP = 0.761779
## posterior probability of 2-SNP = 0.238221

## log10(BF) for single SNP and pair of SNPs:
rs13413169     -0.422	-0.448	-0.573	-0.569	-0.705	-0.344	-0.369	-0.566	-0.555	-0.544	-0.457	-0.466	-0.461	-0.462	-0.535	-0.449	-0.577	-0.456	-0.458	-0.419	-0.536	-0.447	-0.425	-0.469	-0.471	-0.541	-0.464	-0.514	-0.477	-0.516	-0.600	-0.480	-0.535	-0.565	-0.604	-0.604	-0.317	-0.605	-0.604	-0.558	-0.562	-0.562	-0.562	-0.564	-0.564	-0.605	-0.563	-0.613	-0.619	-0.639	-0.646	-0.596	-0.647	-0.597	-0.709	-0.543	-0.639	-0.593	-0.631	-0.645	-0.634	-0.631	-0.640	-0.616	-0.660	-0.603	-0.585	-0.643	-0.590	-0.542	-0.542	-0.604	-0.603	-0.705	-0.556	-0.615	-0.555	-0.614	-0.611	-0.583	-0.536	-0.726	-0.715	-0.668	-0.588	-0.665	-0.576	-0.588	-0.558	-0.581	-0.575	-0.465	-0.569	-0.565	-0.481	-0.546	-0.546	-0.619	-0.724	-0.600	-0.458	-0.466	-0.522	-0.586	-0.688	-0.421	-0.605	-0.643	-0.600	-0.646	-0.514	-0.514	-0.514	-0.510	-0.555	-0.515	-0.518	-0.516	-0.510	-0.516	-0.516	-0.642	-0.516	-0.516	-0.516	-0.542	-0.517	-0.517	-0.517	-0.518	-0.708	-0.631	-0.518	-0.518	-0.521	-0.519	-0.519	-0.519	-0.522	
rs79782574     -0.448	-0.137	-0.250	-0.253	-0.452	-0.273	-0.293	-0.429	-0.422	-0.386	-0.361	-0.368	-0.364	-0.365	-0.381	-0.355	-0.429	-0.360	-0.363	-0.327	-0.381	-0.351	-0.335	-0.370	-0.372	-0.384	-0.367	-0.338	-0.377	-0.407	-0.443	-0.379	-0.400	-0.428	-0.465	-0.465	-0.090	-0.466	-0.465	-0.424	-0.427	-0.426	-0.427	-0.428	-0.428	-0.466	-0.428	-0.471	-0.479	-0.491	-0.495	-0.454	-0.496	-0.454	-0.544	-0.408	-0.491	-0.451	-0.485	-0.493	-0.486	-0.485	-0.430	-0.466	-0.504	-0.456	-0.430	-0.492	-0.448	-0.415	-0.414	-0.464	-0.464	-0.543	-0.426	-0.474	-0.426	-0.474	-0.472	-0.444	-0.409	-0.550	-0.541	-0.519	-0.410	-0.507	-0.405	-0.410	-0.393	-0.407	-0.404	-0.367	-0.401	-0.399	-0.380	-0.389	-0.389	-0.476	-0.533	-0.411	-0.362	-0.367	-0.375	-0.406	-0.519	-0.331	-0.467	-0.489	-0.460	-0.495	-0.370	-0.370	-0.370	-0.367	-0.389	-0.371	-0.373	-0.371	-0.367	-0.371	-0.371	-0.484	-0.371	-0.371	-0.371	-0.388	-0.372	-0.372	-0.372	-0.372	-0.517	-0.484	-0.373	-0.373	-0.374	-0.373	-0.373	-0.373	-0.375	
rs78462154     -0.573	-0.250	-0.271	-0.360	-0.572	-0.321	-0.344	-0.504	-0.496	-0.458	-0.424	-0.432	-0.427	-0.428	-0.451	-0.417	-0.506	-0.423	-0.425	-0.383	-0.452	-0.413	-0.396	-0.435	-0.436	-0.456	-0.431	-0.406	-0.442	-0.477	-0.525	-0.444	-0.470	-0.503	-0.545	-0.545	-0.223	-0.546	-0.545	-0.498	-0.502	-0.501	-0.502	-0.504	-0.504	-0.546	-0.503	-0.552	-0.561	-0.576	-0.581	-0.533	-0.582	-0.534	-0.637	-0.482	-0.576	-0.530	-0.570	-0.580	-0.572	-0.570	-0.531	-0.549	-0.592	-0.539	-0.513	-0.579	-0.528	-0.490	-0.489	-0.547	-0.547	-0.636	-0.501	-0.557	-0.501	-0.556	-0.553	-0.523	-0.483	-0.647	-0.637	-0.608	-0.496	-0.598	-0.488	-0.496	-0.472	-0.491	-0.486	-0.437	-0.482	-0.479	-0.451	-0.465	-0.464	-0.562	-0.633	-0.502	-0.432	-0.438	-0.446	-0.493	-0.614	-0.398	-0.551	-0.578	-0.544	-0.583	-0.438	-0.439	-0.439	-0.435	-0.468	-0.440	-0.442	-0.440	-0.435	-0.440	-0.440	-0.576	-0.441	-0.441	-0.441	-0.462	-0.441	-0.441	-0.441	-0.442	-0.619	-0.571	-0.442	-0.442	-0.445	-0.443	-0.443	-0.443	-0.445	
rs871213       -0.569	-0.253	-0.360	-0.267	-0.568	-0.320	-0.343	-0.502	-0.494	-0.456	-0.422	-0.430	-0.425	-0.426	-0.449	-0.415	-0.504	-0.421	-0.424	-0.381	-0.450	-0.411	-0.395	-0.433	-0.434	-0.454	-0.429	-0.404	-0.440	-0.475	-0.522	-0.442	-0.469	-0.501	-0.543	-0.543	-0.219	-0.544	-0.542	-0.496	-0.500	-0.499	-0.500	-0.502	-0.502	-0.544	-0.501	-0.550	-0.558	-0.573	-0.579	-0.531	-0.580	-0.532	-0.634	-0.480	-0.574	-0.528	-0.567	-0.578	-0.569	-0.567	-0.528	-0.546	-0.590	-0.537	-0.511	-0.576	-0.526	-0.487	-0.487	-0.545	-0.544	-0.633	-0.499	-0.554	-0.499	-0.554	-0.551	-0.521	-0.481	-0.644	-0.635	-0.605	-0.493	-0.595	-0.485	-0.493	-0.470	-0.488	-0.484	-0.435	-0.480	-0.476	-0.449	-0.462	-0.462	-0.559	-0.630	-0.499	-0.430	-0.436	-0.444	-0.490	-0.611	-0.396	-0.548	-0.575	-0.541	-0.581	-0.437	-0.437	-0.437	-0.433	-0.466	-0.438	-0.440	-0.438	-0.434	-0.438	-0.439	-0.574	-0.439	-0.439	-0.439	-0.460	-0.439	-0.439	-0.440	-0.440	-0.616	-0.568	-0.440	-0.441	-0.443	-0.441	-0.441	-0.441	-0.443	
rs150744457    -0.705	-0.452	-0.572	-0.568	-0.410	-0.353	-0.378	-0.565	-0.554	-0.547	-0.465	-0.474	-0.469	-0.470	-0.539	-0.457	-0.578	-0.464	-0.467	-0.434	-0.539	-0.454	-0.435	-0.477	-0.479	-0.544	-0.473	-0.515	-0.485	-0.524	-0.600	-0.488	-0.542	-0.571	-0.610	-0.610	-0.363	-0.611	-0.609	-0.565	-0.569	-0.569	-0.569	-0.571	-0.571	-0.611	-0.570	-0.618	-0.627	-0.645	-0.652	-0.604	-0.653	-0.604	-0.715	-0.549	-0.646	-0.600	-0.638	-0.651	-0.641	-0.638	-0.640	-0.623	-0.666	-0.611	-0.590	-0.649	-0.597	-0.552	-0.551	-0.611	-0.611	-0.712	-0.565	-0.622	-0.565	-0.622	-0.618	-0.592	-0.544	-0.729	-0.718	-0.677	-0.589	-0.669	-0.578	-0.589	-0.560	-0.582	-0.576	-0.480	-0.571	-0.566	-0.496	-0.548	-0.548	-0.624	-0.727	-0.599	-0.474	-0.481	-0.525	-0.587	-0.690	-0.437	-0.611	-0.649	-0.607	-0.651	-0.517	-0.517	-0.517	-0.513	-0.557	-0.518	-0.521	-0.519	-0.513	-0.519	-0.519	-0.645	-0.519	-0.519	-0.519	-0.545	-0.520	-0.520	-0.520	-0.520	-0.705	-0.636	-0.521	-0.521	-0.524	-0.521	-0.522	-0.522	-0.525	
rs16852925     -0.344	-0.273	-0.321	-0.320	-0.353	-0.062	-0.161	-0.328	-0.328	-0.335	-0.218	-0.214	-0.217	-0.216	-0.333	-0.220	-0.341	-0.219	-0.219	-0.289	-0.333	-0.237	-0.256	-0.221	-0.220	-0.334	-0.227	-0.304	-0.222	-0.253	-0.343	-0.222	-0.338	-0.338	-0.260	-0.261	+0.047	-0.261	-0.261	-0.339	-0.339	-0.339	-0.340	-0.340	-0.340	-0.262	-0.340	-0.258	-0.315	-0.303	-0.299	-0.365	-0.300	-0.365	-0.309	-0.343	-0.303	-0.365	-0.314	-0.308	-0.313	-0.314	-0.348	-0.366	-0.289	-0.366	-0.367	-0.309	-0.365	-0.358	-0.358	-0.329	-0.329	-0.359	-0.361	-0.320	-0.361	-0.321	-0.321	-0.366	-0.357	-0.376	-0.373	-0.389	-0.347	-0.403	-0.345	-0.347	-0.338	-0.346	-0.344	-0.362	-0.343	-0.342	-0.370	-0.337	-0.337	-0.404	-0.410	-0.345	-0.360	-0.363	-0.329	-0.343	-0.401	-0.341	-0.402	-0.402	-0.397	-0.405	-0.325	-0.325	-0.325	-0.324	-0.334	-0.326	-0.327	-0.326	-0.324	-0.326	-0.326	-0.405	-0.326	-0.326	-0.326	-0.336	-0.326	-0.326	-0.327	-0.327	-0.398	-0.405	-0.327	-0.327	-0.328	-0.327	-0.327	-0.327	-0.328	
rs60188538     -0.369	-0.293	-0.344	-0.343	-0.378	-0.161	-0.088	-0.352	-0.351	-0.357	-0.236	-0.233	-0.235	-0.235	-0.354	-0.237	-0.365	-0.237	-0.237	-0.306	-0.355	-0.254	-0.272	-0.240	-0.239	-0.356	-0.245	-0.326	-0.241	-0.276	-0.367	-0.242	-0.359	-0.361	-0.288	-0.288	+0.020	-0.288	-0.288	-0.361	-0.362	-0.362	-0.362	-0.362	-0.362	-0.289	-0.362	-0.286	-0.341	-0.330	-0.327	-0.388	-0.328	-0.388	-0.339	-0.364	-0.330	-0.387	-0.341	-0.335	-0.340	-0.341	-0.373	-0.389	-0.317	-0.389	-0.389	-0.336	-0.388	-0.378	-0.378	-0.354	-0.354	-0.386	-0.382	-0.346	-0.382	-0.346	-0.346	-0.388	-0.378	-0.404	-0.400	-0.413	-0.370	-0.428	-0.368	-0.370	-0.360	-0.368	-0.367	-0.380	-0.365	-0.364	-0.388	-0.359	-0.359	-0.426	-0.435	-0.368	-0.377	-0.380	-0.350	-0.366	-0.426	-0.357	-0.424	-0.426	-0.419	-0.429	-0.346	-0.346	-0.347	-0.345	-0.357	-0.347	-0.348	-0.347	-0.345	-0.347	-0.347	-0.429	-0.347	-0.347	-0.347	-0.358	-0.348	-0.348	-0.348	-0.348	-0.423	-0.427	-0.348	-0.348	-0.349	-0.348	-0.348	-0.349	-0.350	
rs6747597      -0.566	-0.429	-0.504	-0.502	-0.565	-0.328	-0.352	-0.282	-0.378	-0.484	-0.432	-0.440	-0.435	-0.436	-0.479	-0.425	-0.460	-0.431	-0.434	-0.430	-0.479	-0.425	-0.413	-0.443	-0.444	-0.482	-0.440	-0.464	-0.450	-0.488	-0.470	-0.452	-0.488	-0.539	-0.555	-0.555	-0.200	-0.556	-0.555	-0.535	-0.537	-0.537	-0.537	-0.539	-0.539	-0.556	-0.538	-0.560	-0.574	-0.584	-0.588	-0.565	-0.589	-0.566	-0.627	-0.518	-0.584	-0.563	-0.582	-0.589	-0.583	-0.582	-0.524	-0.578	-0.595	-0.569	-0.540	-0.588	-0.560	-0.528	-0.528	-0.566	-0.566	-0.635	-0.538	-0.572	-0.538	-0.572	-0.570	-0.557	-0.523	-0.626	-0.618	-0.622	-0.511	-0.606	-0.506	-0.511	-0.496	-0.508	-0.505	-0.486	-0.502	-0.500	-0.499	-0.491	-0.491	-0.582	-0.636	-0.515	-0.482	-0.487	-0.477	-0.509	-0.616	-0.451	-0.573	-0.594	-0.569	-0.597	-0.471	-0.471	-0.472	-0.469	-0.494	-0.472	-0.474	-0.472	-0.469	-0.472	-0.473	-0.596	-0.473	-0.473	-0.473	-0.489	-0.473	-0.473	-0.473	-0.473	-0.623	-0.589	-0.474	-0.474	-0.476	-0.474	-0.474	-0.475	-0.476	
rs6719383      -0.555	-0.422	-0.496	-0.494	-0.554	-0.328	-0.351	-0.378	-0.272	-0.477	-0.430	-0.437	-0.433	-0.434	-0.472	-0.423	-0.452	-0.429	-0.431	-0.426	-0.472	-0.422	-0.410	-0.440	-0.442	-0.475	-0.437	-0.457	-0.447	-0.484	-0.461	-0.449	-0.482	-0.532	-0.549	-0.549	-0.188	-0.549	-0.549	-0.528	-0.531	-0.530	-0.531	-0.532	-0.532	-0.550	-0.532	-0.554	-0.567	-0.577	-0.581	-0.558	-0.581	-0.559	-0.619	-0.511	-0.577	-0.556	-0.574	-0.581	-0.576	-0.574	-0.515	-0.570	-0.587	-0.562	-0.532	-0.581	-0.553	-0.521	-0.521	-0.560	-0.560	-0.627	-0.532	-0.565	-0.531	-0.565	-0.563	-0.549	-0.516	-0.617	-0.609	-0.614	-0.503	-0.598	-0.498	-0.503	-0.488	-0.500	-0.497	-0.482	-0.495	-0.493	-0.494	-0.484	-0.483	-0.575	-0.627	-0.506	-0.477	-0.483	-0.470	-0.501	-0.608	-0.446	-0.567	-0.587	-0.563	-0.590	-0.465	-0.465	-0.465	-0.462	-0.486	-0.466	-0.468	-0.466	-0.462	-0.466	-0.466	-0.588	-0.466	-0.466	-0.466	-0.482	-0.467	-0.467	-0.467	-0.467	-0.614	-0.582	-0.467	-0.468	-0.469	-0.468	-0.468	-0.468	-0.470	
rs17616012     -0.544	-0.386	-0.458	-0.456	-0.547	-0.335	-0.357	-0.484	-0.477	-0.248	-0.431	-0.438	-0.434	-0.435	-0.336	-0.425	-0.472	-0.430	-0.432	-0.381	-0.336	-0.421	-0.406	-0.441	-0.442	-0.341	-0.437	-0.392	-0.448	-0.481	-0.486	-0.450	-0.437	-0.485	-0.536	-0.536	-0.181	-0.536	-0.536	-0.481	-0.484	-0.484	-0.484	-0.486	-0.486	-0.537	-0.485	-0.542	-0.553	-0.565	-0.569	-0.517	-0.570	-0.517	-0.623	-0.460	-0.565	-0.514	-0.561	-0.569	-0.563	-0.561	-0.376	-0.529	-0.577	-0.523	-0.478	-0.568	-0.514	-0.483	-0.483	-0.543	-0.543	-0.625	-0.491	-0.550	-0.491	-0.550	-0.548	-0.510	-0.479	-0.628	-0.620	-0.604	-0.409	-0.586	-0.408	-0.411	-0.401	-0.409	-0.407	-0.451	-0.406	-0.405	-0.464	-0.397	-0.397	-0.558	-0.601	-0.422	-0.446	-0.452	-0.384	-0.418	-0.599	-0.414	-0.548	-0.569	-0.541	-0.575	-0.377	-0.377	-0.378	-0.374	-0.407	-0.378	-0.380	-0.379	-0.374	-0.379	-0.379	-0.572	-0.379	-0.379	-0.379	-0.399	-0.379	-0.380	-0.380	-0.380	-0.605	-0.565	-0.381	-0.381	-0.382	-0.381	-0.381	-0.381	-0.383	
rs16852941     -0.457	-0.361	-0.424	-0.422	-0.465	-0.218	-0.236	-0.432	-0.430	-0.431	-0.179	-0.284	-0.283	-0.282	-0.427	-0.275	-0.442	-0.279	-0.281	-0.356	-0.427	-0.298	-0.310	-0.289	-0.289	-0.429	-0.291	-0.400	-0.294	-0.346	-0.447	-0.295	-0.431	-0.434	-0.377	-0.377	-0.071	-0.377	-0.380	-0.433	-0.434	-0.434	-0.434	-0.434	-0.435	-0.380	-0.435	-0.376	-0.426	-0.419	-0.418	-0.463	-0.419	-0.463	-0.441	-0.434	-0.420	-0.462	-0.427	-0.425	-0.427	-0.427	-0.455	-0.466	-0.412	-0.465	-0.464	-0.425	-0.462	-0.447	-0.447	-0.434	-0.434	-0.478	-0.452	-0.429	-0.451	-0.429	-0.430	-0.461	-0.446	-0.494	-0.492	-0.496	-0.447	-0.508	-0.444	-0.447	-0.435	-0.445	-0.443	-0.434	-0.441	-0.439	-0.444	-0.432	-0.432	-0.501	-0.521	-0.447	-0.431	-0.435	-0.422	-0.443	-0.509	-0.407	-0.496	-0.503	-0.492	-0.506	-0.417	-0.418	-0.418	-0.416	-0.432	-0.418	-0.420	-0.418	-0.416	-0.419	-0.419	-0.506	-0.419	-0.419	-0.419	-0.431	-0.419	-0.419	-0.419	-0.419	-0.508	-0.503	-0.420	-0.420	-0.421	-0.420	-0.420	-0.420	-0.421	
rs6742332      -0.466	-0.368	-0.432	-0.430	-0.474	-0.214	-0.233	-0.440	-0.437	-0.438	-0.284	-0.188	-0.284	-0.285	-0.435	-0.275	-0.450	-0.280	-0.282	-0.360	-0.435	-0.301	-0.313	-0.291	-0.292	-0.437	-0.295	-0.407	-0.297	-0.353	-0.456	-0.299	-0.438	-0.441	-0.387	-0.387	-0.081	-0.387	-0.389	-0.440	-0.442	-0.441	-0.442	-0.442	-0.442	-0.389	-0.442	-0.386	-0.434	-0.429	-0.427	-0.470	-0.429	-0.470	-0.451	-0.441	-0.429	-0.470	-0.436	-0.434	-0.436	-0.436	-0.464	-0.474	-0.422	-0.473	-0.472	-0.435	-0.469	-0.454	-0.453	-0.442	-0.442	-0.487	-0.458	-0.437	-0.458	-0.437	-0.438	-0.468	-0.452	-0.505	-0.501	-0.505	-0.455	-0.516	-0.452	-0.455	-0.443	-0.453	-0.451	-0.439	-0.449	-0.447	-0.450	-0.440	-0.440	-0.508	-0.530	-0.455	-0.436	-0.440	-0.429	-0.451	-0.518	-0.411	-0.504	-0.511	-0.499	-0.514	-0.425	-0.425	-0.425	-0.423	-0.439	-0.425	-0.427	-0.426	-0.423	-0.426	-0.426	-0.514	-0.426	-0.426	-0.426	-0.439	-0.426	-0.426	-0.426	-0.427	-0.518	-0.511	-0.427	-0.427	-0.428	-0.427	-0.427	-0.427	-0.429	
rs6432968      -0.461	-0.364	-0.427	-0.425	-0.469	-0.217	-0.235	-0.435	-0.433	-0.434	-0.283	-0.284	-0.183	-0.283	-0.430	-0.275	-0.445	-0.279	-0.281	-0.357	-0.431	-0.299	-0.311	-0.289	-0.290	-0.433	-0.293	-0.403	-0.294	-0.349	-0.451	-0.296	-0.434	-0.437	-0.381	-0.381	-0.075	-0.381	-0.383	-0.436	-0.437	-0.437	-0.437	-0.437	-0.437	-0.383	-0.438	-0.380	-0.429	-0.423	-0.421	-0.466	-0.423	-0.466	-0.444	-0.437	-0.424	-0.465	-0.431	-0.428	-0.430	-0.431	-0.459	-0.469	-0.416	-0.468	-0.467	-0.429	-0.465	-0.450	-0.449	-0.437	-0.437	-0.481	-0.454	-0.432	-0.454	-0.432	-0.433	-0.464	-0.448	-0.499	-0.495	-0.500	-0.451	-0.512	-0.447	-0.451	-0.438	-0.448	-0.446	-0.436	-0.444	-0.443	-0.447	-0.436	-0.436	-0.504	-0.525	-0.450	-0.433	-0.437	-0.425	-0.447	-0.513	-0.409	-0.499	-0.507	-0.495	-0.510	-0.420	-0.421	-0.421	-0.419	-0.435	-0.421	-0.423	-0.421	-0.419	-0.422	-0.422	-0.509	-0.422	-0.422	-0.422	-0.434	-0.422	-0.422	-0.422	-0.422	-0.512	-0.506	-0.423	-0.423	-0.424	-0.423	-0.423	-0.423	-0.424	
rs7581050      -0.462	-0.365	-0.428	-0.426	-0.470	-0.216	-0.235	-0.436	-0.434	-0.435	-0.282	-0.285	-0.283	-0.184	-0.431	-0.274	-0.446	-0.279	-0.281	-0.358	-0.432	-0.299	-0.311	-0.289	-0.290	-0.434	-0.292	-0.404	-0.295	-0.349	-0.452	-0.297	-0.435	-0.437	-0.382	-0.382	-0.076	-0.382	-0.384	-0.437	-0.438	-0.438	-0.438	-0.438	-0.438	-0.384	-0.439	-0.381	-0.430	-0.424	-0.423	-0.466	-0.424	-0.467	-0.446	-0.438	-0.425	-0.466	-0.432	-0.430	-0.431	-0.432	-0.460	-0.470	-0.417	-0.469	-0.468	-0.430	-0.466	-0.450	-0.450	-0.438	-0.438	-0.483	-0.455	-0.433	-0.455	-0.433	-0.434	-0.465	-0.449	-0.500	-0.496	-0.501	-0.452	-0.513	-0.448	-0.452	-0.439	-0.449	-0.447	-0.437	-0.445	-0.444	-0.447	-0.437	-0.437	-0.505	-0.526	-0.451	-0.434	-0.438	-0.426	-0.448	-0.514	-0.409	-0.500	-0.508	-0.496	-0.511	-0.421	-0.422	-0.422	-0.419	-0.436	-0.422	-0.424	-0.422	-0.420	-0.422	-0.423	-0.510	-0.423	-0.423	-0.423	-0.435	-0.423	-0.423	-0.423	-0.423	-0.513	-0.507	-0.424	-0.424	-0.425	-0.424	-0.424	-0.424	-0.425	
rs79774925     -0.535	-0.381	-0.451	-0.449	-0.539	-0.333	-0.354	-0.479	-0.472	-0.336	-0.427	-0.435	-0.430	-0.431	-0.239	-0.421	-0.467	-0.426	-0.429	-0.379	-0.331	-0.418	-0.403	-0.437	-0.439	-0.335	-0.434	-0.386	-0.444	-0.477	-0.480	-0.446	-0.432	-0.480	-0.530	-0.530	-0.172	-0.531	-0.530	-0.476	-0.479	-0.479	-0.479	-0.481	-0.481	-0.531	-0.480	-0.536	-0.547	-0.559	-0.563	-0.511	-0.564	-0.511	-0.616	-0.455	-0.559	-0.509	-0.555	-0.563	-0.557	-0.555	-0.359	-0.523	-0.571	-0.517	-0.472	-0.562	-0.509	-0.478	-0.478	-0.537	-0.537	-0.619	-0.486	-0.544	-0.486	-0.544	-0.542	-0.505	-0.474	-0.621	-0.613	-0.598	-0.401	-0.580	-0.400	-0.402	-0.394	-0.401	-0.400	-0.447	-0.399	-0.398	-0.460	-0.391	-0.391	-0.552	-0.593	-0.412	-0.442	-0.448	-0.379	-0.409	-0.592	-0.410	-0.543	-0.562	-0.535	-0.569	-0.373	-0.373	-0.373	-0.370	-0.401	-0.374	-0.376	-0.374	-0.370	-0.374	-0.374	-0.566	-0.375	-0.375	-0.375	-0.393	-0.375	-0.375	-0.375	-0.376	-0.597	-0.559	-0.376	-0.376	-0.378	-0.376	-0.377	-0.377	-0.379	
rs891384       -0.449	-0.355	-0.417	-0.415	-0.457	-0.220	-0.237	-0.425	-0.423	-0.425	-0.275	-0.275	-0.275	-0.274	-0.421	-0.171	-0.435	-0.271	-0.273	-0.351	-0.421	-0.293	-0.306	-0.279	-0.279	-0.423	-0.283	-0.394	-0.283	-0.337	-0.440	-0.284	-0.424	-0.426	-0.365	-0.365	-0.063	-0.365	-0.368	-0.426	-0.427	-0.427	-0.427	-0.427	-0.427	-0.368	-0.428	-0.363	-0.416	-0.408	-0.407	-0.455	-0.408	-0.455	-0.428	-0.428	-0.409	-0.455	-0.417	-0.414	-0.417	-0.417	-0.448	-0.459	-0.400	-0.457	-0.457	-0.415	-0.454	-0.440	-0.440	-0.425	-0.425	-0.467	-0.445	-0.419	-0.445	-0.419	-0.420	-0.454	-0.440	-0.485	-0.482	-0.488	-0.440	-0.500	-0.437	-0.441	-0.429	-0.438	-0.436	-0.430	-0.435	-0.433	-0.439	-0.426	-0.426	-0.494	-0.513	-0.440	-0.426	-0.431	-0.416	-0.436	-0.501	-0.403	-0.490	-0.496	-0.486	-0.499	-0.411	-0.412	-0.412	-0.410	-0.425	-0.412	-0.414	-0.412	-0.410	-0.412	-0.412	-0.499	-0.413	-0.413	-0.413	-0.425	-0.413	-0.413	-0.413	-0.413	-0.500	-0.496	-0.414	-0.414	-0.415	-0.414	-0.414	-0.414	-0.415	
rs7425359      -0.577	-0.429	-0.506	-0.504	-0.578	-0.341	-0.365	-0.460	-0.452	-0.472	-0.442	-0.450	-0.445	-0.446	-0.467	-0.435	-0.290	-0.441	-0.444	-0.432	-0.467	-0.433	-0.420	-0.452	-0.454	-0.470	-0.449	-0.460	-0.459	-0.497	-0.401	-0.461	-0.501	-0.537	-0.544	-0.544	-0.213	-0.545	-0.544	-0.533	-0.535	-0.535	-0.535	-0.537	-0.537	-0.545	-0.536	-0.549	-0.566	-0.576	-0.580	-0.565	-0.581	-0.565	-0.642	-0.515	-0.577	-0.563	-0.574	-0.582	-0.576	-0.574	-0.516	-0.578	-0.587	-0.570	-0.537	-0.581	-0.561	-0.528	-0.527	-0.559	-0.559	-0.648	-0.538	-0.564	-0.537	-0.564	-0.562	-0.557	-0.523	-0.643	-0.635	-0.631	-0.503	-0.617	-0.499	-0.504	-0.488	-0.501	-0.498	-0.486	-0.495	-0.493	-0.500	-0.483	-0.483	-0.590	-0.649	-0.509	-0.482	-0.487	-0.468	-0.503	-0.629	-0.450	-0.581	-0.603	-0.576	-0.606	-0.462	-0.462	-0.463	-0.459	-0.488	-0.463	-0.465	-0.463	-0.459	-0.464	-0.464	-0.604	-0.464	-0.464	-0.464	-0.482	-0.464	-0.464	-0.464	-0.465	-0.636	-0.597	-0.465	-0.465	-0.467	-0.465	-0.466	-0.466	-0.468	
rs1807380      -0.456	-0.360	-0.423	-0.421	-0.464	-0.219	-0.237	-0.431	-0.429	-0.430	-0.279	-0.280	-0.279	-0.279	-0.426	-0.271	-0.441	-0.177	-0.277	-0.355	-0.427	-0.296	-0.309	-0.284	-0.284	-0.429	-0.288	-0.399	-0.288	-0.343	-0.446	-0.290	-0.430	-0.432	-0.373	-0.373	-0.070	-0.373	-0.376	-0.431	-0.433	-0.433	-0.433	-0.433	-0.433	-0.376	-0.433	-0.372	-0.423	-0.416	-0.415	-0.461	-0.416	-0.461	-0.437	-0.433	-0.417	-0.460	-0.424	-0.422	-0.424	-0.424	-0.454	-0.465	-0.409	-0.463	-0.463	-0.422	-0.460	-0.445	-0.445	-0.431	-0.431	-0.475	-0.450	-0.426	-0.450	-0.426	-0.427	-0.459	-0.445	-0.493	-0.489	-0.494	-0.446	-0.507	-0.443	-0.446	-0.434	-0.444	-0.442	-0.433	-0.440	-0.438	-0.443	-0.431	-0.431	-0.500	-0.520	-0.446	-0.430	-0.434	-0.421	-0.442	-0.508	-0.406	-0.495	-0.502	-0.491	-0.505	-0.417	-0.417	-0.417	-0.415	-0.431	-0.417	-0.419	-0.417	-0.415	-0.418	-0.418	-0.505	-0.418	-0.418	-0.418	-0.430	-0.418	-0.418	-0.418	-0.418	-0.507	-0.502	-0.419	-0.419	-0.420	-0.419	-0.419	-0.419	-0.420	
rs11888203     -0.458	-0.363	-0.425	-0.424	-0.467	-0.219	-0.237	-0.434	-0.431	-0.432	-0.281	-0.282	-0.281	-0.281	-0.429	-0.273	-0.444	-0.277	-0.181	-0.356	-0.429	-0.298	-0.310	-0.285	-0.286	-0.431	-0.289	-0.401	-0.290	-0.346	-0.449	-0.292	-0.432	-0.435	-0.377	-0.377	-0.073	-0.377	-0.379	-0.434	-0.435	-0.435	-0.435	-0.435	-0.435	-0.379	-0.436	-0.376	-0.426	-0.420	-0.418	-0.464	-0.419	-0.464	-0.441	-0.436	-0.420	-0.463	-0.428	-0.425	-0.427	-0.428	-0.457	-0.467	-0.412	-0.466	-0.465	-0.426	-0.463	-0.448	-0.448	-0.434	-0.434	-0.478	-0.453	-0.429	-0.452	-0.429	-0.430	-0.462	-0.447	-0.496	-0.492	-0.497	-0.449	-0.509	-0.446	-0.449	-0.437	-0.447	-0.444	-0.435	-0.443	-0.441	-0.445	-0.434	-0.434	-0.502	-0.523	-0.449	-0.432	-0.436	-0.424	-0.445	-0.511	-0.408	-0.498	-0.505	-0.493	-0.508	-0.419	-0.419	-0.419	-0.417	-0.433	-0.420	-0.421	-0.420	-0.417	-0.420	-0.420	-0.507	-0.420	-0.420	-0.420	-0.433	-0.420	-0.421	-0.421	-0.421	-0.510	-0.505	-0.421	-0.421	-0.422	-0.421	-0.422	-0.422	-0.423	
rs6733384      -0.419	-0.327	-0.383	-0.381	-0.434	-0.289	-0.306	-0.430	-0.426	-0.381	-0.356	-0.360	-0.357	-0.358	-0.379	-0.351	-0.432	-0.355	-0.356	-0.133	-0.379	-0.353	-0.346	-0.362	-0.363	-0.380	-0.360	-0.357	-0.366	-0.392	-0.442	-0.368	-0.366	-0.331	-0.427	-0.427	-0.034	-0.427	-0.427	-0.335	-0.335	-0.335	-0.335	-0.333	-0.333	-0.428	-0.335	-0.429	-0.449	-0.451	-0.452	-0.376	-0.453	-0.376	-0.474	-0.366	-0.451	-0.377	-0.453	-0.455	-0.453	-0.453	-0.394	-0.374	-0.452	-0.381	-0.411	-0.454	-0.382	-0.380	-0.379	-0.449	-0.448	-0.492	-0.379	-0.449	-0.379	-0.449	-0.449	-0.384	-0.382	-0.505	-0.501	-0.497	-0.396	-0.481	-0.394	-0.396	-0.387	-0.395	-0.393	-0.405	-0.392	-0.391	-0.414	-0.386	-0.386	-0.472	-0.441	-0.394	-0.401	-0.406	-0.378	-0.393	-0.484	-0.378	-0.467	-0.468	-0.457	-0.479	-0.374	-0.374	-0.374	-0.372	-0.385	-0.375	-0.376	-0.375	-0.373	-0.375	-0.375	-0.478	-0.375	-0.375	-0.375	-0.386	-0.375	-0.375	-0.376	-0.376	-0.485	-0.475	-0.376	-0.376	-0.377	-0.376	-0.376	-0.376	-0.377	
rs79717346     -0.536	-0.381	-0.452	-0.450	-0.539	-0.333	-0.355	-0.479	-0.472	-0.336	-0.427	-0.435	-0.431	-0.432	-0.331	-0.421	-0.467	-0.427	-0.429	-0.379	-0.239	-0.418	-0.403	-0.437	-0.439	-0.335	-0.434	-0.386	-0.444	-0.477	-0.480	-0.446	-0.432	-0.480	-0.531	-0.530	-0.172	-0.531	-0.530	-0.476	-0.479	-0.479	-0.479	-0.481	-0.481	-0.531	-0.480	-0.536	-0.547	-0.559	-0.563	-0.511	-0.564	-0.511	-0.617	-0.455	-0.559	-0.509	-0.555	-0.563	-0.557	-0.555	-0.358	-0.523	-0.571	-0.517	-0.472	-0.562	-0.509	-0.478	-0.478	-0.538	-0.538	-0.619	-0.487	-0.544	-0.486	-0.544	-0.542	-0.505	-0.474	-0.621	-0.613	-0.598	-0.401	-0.580	-0.400	-0.402	-0.394	-0.401	-0.400	-0.447	-0.399	-0.398	-0.460	-0.391	-0.391	-0.552	-0.593	-0.412	-0.442	-0.448	-0.379	-0.409	-0.592	-0.411	-0.543	-0.563	-0.536	-0.569	-0.373	-0.373	-0.373	-0.370	-0.401	-0.374	-0.376	-0.374	-0.370	-0.374	-0.374	-0.566	-0.375	-0.375	-0.375	-0.393	-0.375	-0.375	-0.375	-0.376	-0.597	-0.559	-0.376	-0.376	-0.378	-0.376	-0.377	-0.377	-0.379	
rs7424994      -0.447	-0.351	-0.413	-0.411	-0.454	-0.237	-0.254	-0.425	-0.422	-0.421	-0.298	-0.301	-0.299	-0.299	-0.418	-0.293	-0.433	-0.296	-0.298	-0.353	-0.418	-0.166	-0.301	-0.301	-0.301	-0.420	-0.301	-0.390	-0.304	-0.347	-0.438	-0.305	-0.422	-0.425	-0.370	-0.370	-0.065	-0.370	-0.370	-0.424	-0.425	-0.425	-0.425	-0.426	-0.426	-0.370	-0.426	-0.368	-0.417	-0.411	-0.409	-0.453	-0.410	-0.454	-0.432	-0.425	-0.411	-0.453	-0.418	-0.416	-0.418	-0.418	-0.445	-0.457	-0.403	-0.456	-0.454	-0.416	-0.453	-0.438	-0.438	-0.425	-0.425	-0.470	-0.443	-0.420	-0.443	-0.420	-0.420	-0.452	-0.437	-0.486	-0.482	-0.488	-0.437	-0.499	-0.434	-0.437	-0.425	-0.435	-0.433	-0.428	-0.431	-0.430	-0.438	-0.423	-0.423	-0.492	-0.511	-0.437	-0.425	-0.429	-0.413	-0.433	-0.500	-0.402	-0.488	-0.494	-0.483	-0.497	-0.408	-0.408	-0.408	-0.406	-0.422	-0.409	-0.410	-0.409	-0.406	-0.409	-0.409	-0.497	-0.409	-0.409	-0.409	-0.422	-0.410	-0.410	-0.410	-0.410	-0.498	-0.494	-0.410	-0.410	-0.411	-0.410	-0.411	-0.411	-0.412	
rs141569879    -0.425	-0.335	-0.396	-0.395	-0.435	-0.256	-0.272	-0.413	-0.410	-0.406	-0.310	-0.313	-0.311	-0.311	-0.403	-0.306	-0.420	-0.309	-0.310	-0.346	-0.403	-0.301	-0.147	-0.312	-0.313	-0.405	-0.313	-0.374	-0.315	-0.348	-0.424	-0.316	-0.409	-0.413	-0.366	-0.366	-0.047	-0.366	-0.366	-0.412	-0.413	-0.413	-0.413	-0.413	-0.413	-0.366	-0.413	-0.364	-0.409	-0.403	-0.401	-0.440	-0.402	-0.441	-0.403	-0.412	-0.403	-0.440	-0.410	-0.407	-0.409	-0.410	-0.428	-0.443	-0.396	-0.442	-0.439	-0.407	-0.439	-0.426	-0.426	-0.416	-0.416	-0.445	-0.431	-0.412	-0.430	-0.412	-0.412	-0.439	-0.425	-0.461	-0.457	-0.467	-0.421	-0.478	-0.418	-0.421	-0.410	-0.419	-0.417	-0.416	-0.416	-0.414	-0.425	-0.408	-0.408	-0.474	-0.488	-0.421	-0.413	-0.417	-0.398	-0.417	-0.478	-0.391	-0.470	-0.475	-0.466	-0.478	-0.393	-0.393	-0.394	-0.392	-0.406	-0.394	-0.395	-0.394	-0.392	-0.394	-0.394	-0.478	-0.394	-0.395	-0.395	-0.406	-0.395	-0.395	-0.395	-0.395	-0.476	-0.476	-0.395	-0.395	-0.397	-0.396	-0.396	-0.396	-0.397	
rs148622865    -0.469	-0.370	-0.435	-0.433	-0.477	-0.221	-0.240	-0.443	-0.440	-0.441	-0.289	-0.291	-0.289	-0.289	-0.437	-0.279	-0.452	-0.284	-0.285	-0.362	-0.437	-0.301	-0.312	-0.191	-0.291	-0.439	-0.292	-0.410	-0.294	-0.354	-0.458	-0.296	-0.440	-0.443	-0.387	-0.387	-0.084	-0.387	-0.389	-0.442	-0.443	-0.443	-0.443	-0.443	-0.443	-0.389	-0.444	-0.385	-0.435	-0.430	-0.428	-0.472	-0.430	-0.472	-0.453	-0.443	-0.430	-0.471	-0.437	-0.435	-0.437	-0.437	-0.467	-0.476	-0.423	-0.475	-0.474	-0.436	-0.471	-0.455	-0.455	-0.443	-0.443	-0.490	-0.460	-0.438	-0.460	-0.439	-0.439	-0.470	-0.454	-0.507	-0.503	-0.507	-0.458	-0.518	-0.454	-0.458	-0.445	-0.455	-0.453	-0.441	-0.451	-0.450	-0.451	-0.442	-0.442	-0.510	-0.533	-0.458	-0.437	-0.442	-0.432	-0.454	-0.520	-0.413	-0.506	-0.514	-0.501	-0.517	-0.427	-0.427	-0.427	-0.425	-0.442	-0.428	-0.429	-0.428	-0.425	-0.428	-0.428	-0.516	-0.428	-0.428	-0.428	-0.441	-0.428	-0.429	-0.429	-0.429	-0.520	-0.513	-0.429	-0.429	-0.430	-0.429	-0.430	-0.430	-0.431	
rs145242445    -0.471	-0.372	-0.436	-0.434	-0.479	-0.220	-0.239	-0.444	-0.442	-0.442	-0.289	-0.292	-0.290	-0.290	-0.439	-0.279	-0.454	-0.284	-0.286	-0.363	-0.439	-0.301	-0.313	-0.291	-0.193	-0.441	-0.293	-0.411	-0.296	-0.355	-0.459	-0.297	-0.442	-0.444	-0.389	-0.389	-0.086	-0.389	-0.391	-0.443	-0.445	-0.445	-0.445	-0.445	-0.445	-0.391	-0.445	-0.388	-0.437	-0.432	-0.431	-0.474	-0.432	-0.474	-0.455	-0.445	-0.433	-0.473	-0.440	-0.438	-0.439	-0.440	-0.469	-0.478	-0.425	-0.476	-0.476	-0.438	-0.473	-0.457	-0.457	-0.445	-0.445	-0.492	-0.462	-0.440	-0.462	-0.440	-0.441	-0.472	-0.456	-0.509	-0.505	-0.509	-0.459	-0.520	-0.456	-0.459	-0.447	-0.457	-0.455	-0.442	-0.453	-0.451	-0.452	-0.444	-0.444	-0.512	-0.535	-0.459	-0.438	-0.443	-0.433	-0.455	-0.522	-0.414	-0.507	-0.515	-0.503	-0.518	-0.428	-0.429	-0.429	-0.426	-0.443	-0.429	-0.431	-0.429	-0.426	-0.430	-0.430	-0.518	-0.430	-0.430	-0.430	-0.443	-0.430	-0.430	-0.430	-0.430	-0.522	-0.515	-0.431	-0.431	-0.432	-0.431	-0.431	-0.431	-0.432	
rs145734066    -0.541	-0.384	-0.456	-0.454	-0.544	-0.334	-0.356	-0.482	-0.475	-0.341	-0.429	-0.437	-0.433	-0.434	-0.335	-0.423	-0.470	-0.429	-0.431	-0.380	-0.335	-0.420	-0.405	-0.439	-0.441	-0.244	-0.436	-0.389	-0.446	-0.479	-0.483	-0.448	-0.434	-0.483	-0.534	-0.533	-0.177	-0.534	-0.533	-0.479	-0.482	-0.482	-0.482	-0.483	-0.483	-0.534	-0.483	-0.539	-0.550	-0.562	-0.566	-0.514	-0.567	-0.514	-0.620	-0.458	-0.562	-0.512	-0.558	-0.566	-0.560	-0.558	-0.364	-0.526	-0.574	-0.520	-0.475	-0.565	-0.512	-0.481	-0.480	-0.541	-0.541	-0.622	-0.489	-0.547	-0.489	-0.547	-0.545	-0.508	-0.476	-0.625	-0.617	-0.601	-0.404	-0.583	-0.403	-0.405	-0.397	-0.404	-0.403	-0.449	-0.402	-0.401	-0.463	-0.393	-0.393	-0.555	-0.597	-0.416	-0.444	-0.450	-0.381	-0.413	-0.596	-0.413	-0.546	-0.566	-0.539	-0.572	-0.374	-0.374	-0.375	-0.371	-0.403	-0.375	-0.378	-0.376	-0.371	-0.376	-0.376	-0.569	-0.376	-0.376	-0.376	-0.396	-0.376	-0.377	-0.377	-0.377	-0.602	-0.563	-0.378	-0.378	-0.379	-0.378	-0.378	-0.378	-0.380	
rs4667530      -0.464	-0.367	-0.431	-0.429	-0.473	-0.227	-0.245	-0.440	-0.437	-0.437	-0.291	-0.295	-0.293	-0.292	-0.434	-0.283	-0.449	-0.288	-0.289	-0.360	-0.434	-0.301	-0.313	-0.292	-0.293	-0.436	-0.187	-0.406	-0.295	-0.351	-0.454	-0.296	-0.437	-0.439	-0.382	-0.382	-0.078	-0.382	-0.384	-0.438	-0.440	-0.440	-0.440	-0.440	-0.440	-0.384	-0.440	-0.380	-0.431	-0.425	-0.424	-0.468	-0.425	-0.468	-0.448	-0.440	-0.426	-0.468	-0.433	-0.431	-0.433	-0.433	-0.462	-0.472	-0.418	-0.471	-0.470	-0.431	-0.467	-0.452	-0.452	-0.439	-0.439	-0.485	-0.457	-0.434	-0.457	-0.434	-0.435	-0.467	-0.451	-0.503	-0.499	-0.503	-0.454	-0.515	-0.450	-0.454	-0.442	-0.452	-0.449	-0.439	-0.448	-0.446	-0.449	-0.439	-0.439	-0.507	-0.528	-0.454	-0.435	-0.440	-0.428	-0.450	-0.516	-0.411	-0.502	-0.510	-0.498	-0.513	-0.424	-0.424	-0.424	-0.422	-0.438	-0.424	-0.426	-0.425	-0.422	-0.425	-0.425	-0.512	-0.425	-0.425	-0.425	-0.438	-0.425	-0.425	-0.425	-0.425	-0.516	-0.509	-0.426	-0.426	-0.427	-0.426	-0.426	-0.426	-0.427	
rs148923534    -0.514	-0.338	-0.406	-0.404	-0.515	-0.304	-0.326	-0.464	-0.457	-0.392	-0.400	-0.407	-0.403	-0.404	-0.386	-0.394	-0.460	-0.399	-0.401	-0.357	-0.386	-0.390	-0.374	-0.410	-0.411	-0.389	-0.406	-0.208	-0.417	-0.450	-0.474	-0.419	-0.426	-0.464	-0.509	-0.508	-0.152	-0.509	-0.508	-0.460	-0.463	-0.463	-0.463	-0.464	-0.464	-0.509	-0.464	-0.514	-0.524	-0.537	-0.541	-0.493	-0.542	-0.493	-0.594	-0.442	-0.537	-0.491	-0.532	-0.541	-0.534	-0.532	-0.439	-0.506	-0.550	-0.499	-0.464	-0.540	-0.489	-0.456	-0.456	-0.512	-0.512	-0.595	-0.466	-0.521	-0.466	-0.520	-0.518	-0.485	-0.451	-0.601	-0.592	-0.571	-0.428	-0.557	-0.423	-0.429	-0.413	-0.426	-0.422	-0.414	-0.420	-0.418	-0.428	-0.408	-0.408	-0.527	-0.580	-0.436	-0.409	-0.415	-0.393	-0.430	-0.570	-0.377	-0.517	-0.539	-0.510	-0.545	-0.387	-0.387	-0.387	-0.384	-0.411	-0.388	-0.390	-0.388	-0.384	-0.388	-0.389	-0.540	-0.389	-0.389	-0.389	-0.407	-0.389	-0.389	-0.389	-0.390	-0.573	-0.534	-0.390	-0.390	-0.392	-0.390	-0.391	-0.391	-0.393	
rs6432970      -0.477	-0.377	-0.442	-0.440	-0.485	-0.222	-0.241	-0.450	-0.447	-0.448	-0.294	-0.297	-0.294	-0.295	-0.444	-0.283	-0.459	-0.288	-0.290	-0.366	-0.444	-0.304	-0.315	-0.294	-0.296	-0.446	-0.295	-0.417	-0.200	-0.360	-0.465	-0.300	-0.447	-0.449	-0.395	-0.396	-0.093	-0.395	-0.397	-0.448	-0.450	-0.450	-0.450	-0.450	-0.450	-0.397	-0.450	-0.394	-0.443	-0.438	-0.437	-0.479	-0.438	-0.479	-0.463	-0.449	-0.439	-0.478	-0.446	-0.444	-0.445	-0.446	-0.474	-0.483	-0.432	-0.481	-0.481	-0.444	-0.478	-0.461	-0.461	-0.450	-0.450	-0.498	-0.467	-0.446	-0.466	-0.446	-0.447	-0.477	-0.460	-0.516	-0.511	-0.515	-0.465	-0.526	-0.461	-0.465	-0.452	-0.462	-0.460	-0.445	-0.458	-0.456	-0.456	-0.449	-0.449	-0.517	-0.541	-0.465	-0.442	-0.447	-0.438	-0.461	-0.528	-0.417	-0.512	-0.521	-0.508	-0.524	-0.433	-0.433	-0.434	-0.431	-0.449	-0.434	-0.436	-0.434	-0.431	-0.434	-0.434	-0.523	-0.435	-0.435	-0.435	-0.448	-0.435	-0.435	-0.435	-0.435	-0.528	-0.520	-0.436	-0.436	-0.437	-0.436	-0.436	-0.436	-0.437	
rs4667942      -0.516	-0.407	-0.477	-0.475	-0.524	-0.253	-0.276	-0.488	-0.484	-0.481	-0.346	-0.353	-0.349	-0.349	-0.477	-0.337	-0.497	-0.343	-0.346	-0.392	-0.477	-0.347	-0.348	-0.354	-0.355	-0.479	-0.351	-0.450	-0.360	-0.241	-0.505	-0.362	-0.480	-0.487	-0.459	-0.459	-0.134	-0.459	-0.460	-0.485	-0.487	-0.487	-0.487	-0.488	-0.488	-0.460	-0.488	-0.460	-0.495	-0.496	-0.496	-0.517	-0.498	-0.517	-0.529	-0.483	-0.496	-0.516	-0.499	-0.501	-0.500	-0.499	-0.515	-0.523	-0.496	-0.520	-0.515	-0.501	-0.515	-0.494	-0.494	-0.497	-0.497	-0.554	-0.501	-0.496	-0.500	-0.496	-0.496	-0.513	-0.492	-0.568	-0.563	-0.561	-0.501	-0.567	-0.496	-0.501	-0.486	-0.498	-0.495	-0.471	-0.493	-0.491	-0.482	-0.482	-0.482	-0.553	-0.585	-0.502	-0.467	-0.472	-0.470	-0.497	-0.571	-0.440	-0.547	-0.559	-0.543	-0.562	-0.465	-0.465	-0.465	-0.463	-0.483	-0.466	-0.467	-0.466	-0.463	-0.466	-0.466	-0.561	-0.466	-0.466	-0.466	-0.481	-0.466	-0.467	-0.467	-0.467	-0.571	-0.557	-0.467	-0.467	-0.469	-0.467	-0.468	-0.468	-0.469	
rs137940024    -0.600	-0.443	-0.525	-0.522	-0.600	-0.343	-0.367	-0.470	-0.461	-0.486	-0.447	-0.456	-0.451	-0.452	-0.480	-0.440	-0.401	-0.446	-0.449	-0.442	-0.480	-0.438	-0.424	-0.458	-0.459	-0.483	-0.454	-0.474	-0.465	-0.505	-0.314	-0.467	-0.514	-0.550	-0.556	-0.556	-0.238	-0.557	-0.556	-0.546	-0.549	-0.549	-0.549	-0.551	-0.551	-0.557	-0.550	-0.562	-0.578	-0.590	-0.594	-0.580	-0.595	-0.580	-0.659	-0.527	-0.590	-0.577	-0.588	-0.596	-0.590	-0.588	-0.536	-0.593	-0.602	-0.585	-0.552	-0.596	-0.575	-0.541	-0.541	-0.572	-0.572	-0.664	-0.551	-0.577	-0.551	-0.576	-0.574	-0.571	-0.536	-0.662	-0.653	-0.646	-0.519	-0.632	-0.514	-0.520	-0.502	-0.516	-0.513	-0.496	-0.510	-0.507	-0.510	-0.496	-0.496	-0.604	-0.668	-0.527	-0.491	-0.497	-0.480	-0.520	-0.646	-0.459	-0.594	-0.618	-0.590	-0.621	-0.473	-0.474	-0.474	-0.471	-0.502	-0.474	-0.477	-0.475	-0.471	-0.475	-0.475	-0.619	-0.475	-0.475	-0.475	-0.495	-0.476	-0.476	-0.476	-0.476	-0.654	-0.611	-0.477	-0.477	-0.479	-0.477	-0.477	-0.478	-0.479	
rs11694517     -0.480	-0.379	-0.444	-0.442	-0.488	-0.222	-0.242	-0.452	-0.449	-0.450	-0.295	-0.299	-0.296	-0.297	-0.446	-0.284	-0.461	-0.290	-0.292	-0.368	-0.446	-0.305	-0.316	-0.296	-0.297	-0.448	-0.296	-0.419	-0.300	-0.362	-0.467	-0.202	-0.449	-0.451	-0.398	-0.398	-0.095	-0.398	-0.400	-0.450	-0.452	-0.452	-0.452	-0.452	-0.452	-0.400	-0.452	-0.397	-0.445	-0.441	-0.440	-0.481	-0.441	-0.481	-0.466	-0.451	-0.441	-0.480	-0.448	-0.447	-0.448	-0.448	-0.477	-0.485	-0.435	-0.484	-0.483	-0.447	-0.480	-0.463	-0.463	-0.453	-0.453	-0.501	-0.468	-0.448	-0.468	-0.449	-0.449	-0.479	-0.462	-0.518	-0.514	-0.517	-0.467	-0.528	-0.463	-0.467	-0.454	-0.464	-0.462	-0.447	-0.460	-0.458	-0.457	-0.451	-0.451	-0.519	-0.543	-0.467	-0.443	-0.448	-0.440	-0.463	-0.530	-0.418	-0.514	-0.523	-0.510	-0.526	-0.435	-0.435	-0.436	-0.433	-0.451	-0.436	-0.438	-0.436	-0.433	-0.436	-0.436	-0.525	-0.436	-0.437	-0.437	-0.450	-0.437	-0.437	-0.437	-0.437	-0.530	-0.522	-0.437	-0.438	-0.439	-0.438	-0.438	-0.438	-0.439	
rs10211405     -0.535	-0.400	-0.470	-0.469	-0.542	-0.338	-0.359	-0.488	-0.482	-0.437	-0.431	-0.438	-0.434	-0.435	-0.432	-0.424	-0.501	-0.430	-0.432	-0.366	-0.432	-0.422	-0.409	-0.440	-0.442	-0.434	-0.437	-0.426	-0.447	-0.480	-0.514	-0.449	-0.246	-0.490	-0.541	-0.540	-0.167	-0.541	-0.540	-0.487	-0.489	-0.489	-0.489	-0.491	-0.491	-0.541	-0.490	-0.546	-0.557	-0.568	-0.571	-0.520	-0.572	-0.521	-0.612	-0.485	-0.568	-0.519	-0.564	-0.572	-0.566	-0.564	-0.467	-0.531	-0.579	-0.526	-0.477	-0.571	-0.518	-0.490	-0.490	-0.548	-0.548	-0.617	-0.498	-0.554	-0.497	-0.554	-0.552	-0.515	-0.486	-0.627	-0.619	-0.602	-0.464	-0.588	-0.460	-0.464	-0.452	-0.462	-0.459	-0.460	-0.458	-0.456	-0.473	-0.448	-0.448	-0.562	-0.595	-0.468	-0.456	-0.461	-0.436	-0.464	-0.598	-0.425	-0.554	-0.571	-0.546	-0.578	-0.430	-0.430	-0.431	-0.428	-0.451	-0.431	-0.433	-0.431	-0.428	-0.432	-0.432	-0.574	-0.432	-0.432	-0.432	-0.448	-0.432	-0.432	-0.432	-0.433	-0.602	-0.569	-0.433	-0.433	-0.435	-0.433	-0.433	-0.434	-0.435	
rs12476854     -0.565	-0.428	-0.503	-0.501	-0.571	-0.338	-0.361	-0.539	-0.532	-0.485	-0.434	-0.441	-0.437	-0.437	-0.480	-0.426	-0.537	-0.432	-0.435	-0.331	-0.480	-0.425	-0.413	-0.443	-0.444	-0.483	-0.439	-0.464	-0.449	-0.487	-0.550	-0.451	-0.490	-0.280	-0.518	-0.517	-0.193	-0.518	-0.517	-0.381	-0.385	-0.385	-0.385	-0.383	-0.383	-0.518	-0.386	-0.522	-0.543	-0.552	-0.555	-0.465	-0.556	-0.465	-0.622	-0.447	-0.552	-0.464	-0.552	-0.558	-0.554	-0.552	-0.521	-0.472	-0.560	-0.476	-0.514	-0.558	-0.471	-0.449	-0.448	-0.541	-0.541	-0.631	-0.451	-0.544	-0.450	-0.543	-0.542	-0.471	-0.451	-0.646	-0.639	-0.619	-0.509	-0.609	-0.504	-0.509	-0.494	-0.505	-0.503	-0.477	-0.500	-0.498	-0.490	-0.488	-0.488	-0.584	-0.610	-0.512	-0.472	-0.478	-0.475	-0.506	-0.619	-0.441	-0.576	-0.592	-0.568	-0.599	-0.469	-0.469	-0.470	-0.467	-0.492	-0.470	-0.472	-0.470	-0.467	-0.471	-0.471	-0.597	-0.471	-0.471	-0.471	-0.487	-0.471	-0.471	-0.471	-0.472	-0.624	-0.591	-0.472	-0.472	-0.474	-0.472	-0.473	-0.473	-0.474	
rs12692857     -0.604	-0.465	-0.545	-0.543	-0.610	-0.260	-0.288	-0.555	-0.549	-0.536	-0.377	-0.387	-0.381	-0.382	-0.530	-0.365	-0.544	-0.373	-0.377	-0.427	-0.531	-0.370	-0.366	-0.387	-0.389	-0.534	-0.382	-0.509	-0.395	-0.459	-0.556	-0.398	-0.541	-0.518	-0.327	-0.435	-0.233	-0.436	-0.438	-0.514	-0.516	-0.516	-0.516	-0.518	-0.518	-0.439	-0.517	-0.440	-0.512	-0.518	-0.520	-0.557	-0.522	-0.557	-0.623	-0.522	-0.519	-0.555	-0.524	-0.529	-0.525	-0.524	-0.582	-0.567	-0.524	-0.563	-0.569	-0.529	-0.555	-0.527	-0.527	-0.516	-0.516	-0.639	-0.534	-0.515	-0.534	-0.515	-0.514	-0.553	-0.525	-0.658	-0.651	-0.631	-0.561	-0.639	-0.555	-0.561	-0.544	-0.557	-0.554	-0.502	-0.551	-0.548	-0.516	-0.538	-0.538	-0.615	-0.669	-0.565	-0.498	-0.504	-0.523	-0.558	-0.650	-0.465	-0.606	-0.627	-0.602	-0.630	-0.517	-0.517	-0.517	-0.514	-0.541	-0.518	-0.520	-0.518	-0.514	-0.518	-0.518	-0.628	-0.518	-0.519	-0.519	-0.536	-0.519	-0.519	-0.519	-0.519	-0.655	-0.621	-0.520	-0.520	-0.522	-0.520	-0.520	-0.520	-0.522	
rs10171261     -0.604	-0.465	-0.545	-0.543	-0.610	-0.261	-0.288	-0.555	-0.549	-0.536	-0.377	-0.387	-0.381	-0.382	-0.530	-0.365	-0.544	-0.373	-0.377	-0.427	-0.530	-0.370	-0.366	-0.387	-0.389	-0.533	-0.382	-0.508	-0.396	-0.459	-0.556	-0.398	-0.540	-0.517	-0.435	-0.326	-0.232	-0.436	-0.437	-0.514	-0.516	-0.516	-0.516	-0.517	-0.517	-0.439	-0.517	-0.440	-0.512	-0.518	-0.520	-0.556	-0.522	-0.557	-0.623	-0.522	-0.519	-0.555	-0.524	-0.529	-0.524	-0.524	-0.581	-0.567	-0.523	-0.563	-0.569	-0.528	-0.555	-0.527	-0.527	-0.516	-0.516	-0.639	-0.534	-0.515	-0.534	-0.515	-0.514	-0.553	-0.525	-0.658	-0.651	-0.631	-0.561	-0.639	-0.555	-0.561	-0.543	-0.557	-0.554	-0.502	-0.551	-0.548	-0.516	-0.537	-0.537	-0.615	-0.669	-0.564	-0.497	-0.504	-0.523	-0.558	-0.649	-0.465	-0.606	-0.627	-0.602	-0.630	-0.516	-0.517	-0.517	-0.514	-0.541	-0.517	-0.520	-0.518	-0.514	-0.518	-0.518	-0.628	-0.518	-0.518	-0.518	-0.536	-0.519	-0.519	-0.519	-0.519	-0.655	-0.621	-0.520	-0.520	-0.521	-0.520	-0.520	-0.520	-0.522	
rs150573144    -0.317	-0.090	-0.223	-0.219	-0.363	+0.047	+0.020	-0.200	-0.188	-0.181	-0.071	-0.081	-0.075	-0.076	-0.172	-0.063	-0.213	-0.070	-0.073	-0.034	-0.172	-0.065	-0.047	-0.084	-0.086	-0.177	-0.078	-0.152	-0.093	-0.134	-0.238	-0.095	-0.167	-0.193	-0.233	-0.232	-0.031	-0.233	-0.232	-0.185	-0.190	-0.189	-0.190	-0.192	-0.193	-0.233	-0.191	-0.242	-0.247	-0.269	-0.276	-0.226	-0.278	-0.226	-0.340	-0.172	-0.269	-0.222	-0.262	-0.277	-0.265	-0.262	-0.286	-0.248	-0.292	-0.235	-0.222	-0.275	-0.220	-0.168	-0.168	-0.232	-0.232	-0.336	-0.182	-0.243	-0.182	-0.242	-0.239	-0.212	-0.142	-0.363	-0.350	-0.295	-0.227	-0.296	-0.215	-0.227	-0.195	-0.219	-0.212	-0.070	-0.206	-0.201	-0.088	-0.180	-0.180	-0.244	-0.364	-0.240	-0.063	-0.071	-0.154	-0.225	-0.322	-0.021	-0.229	-0.273	-0.225	-0.275	-0.145	-0.145	-0.146	-0.141	-0.190	-0.146	-0.150	-0.147	-0.141	-0.147	-0.147	-0.272	-0.148	-0.148	-0.148	-0.176	-0.148	-0.148	-0.149	-0.149	-0.349	-0.258	-0.150	-0.150	-0.153	-0.150	-0.151	-0.151	-0.154	
rs7589167      -0.605	-0.466	-0.546	-0.544	-0.611	-0.261	-0.288	-0.556	-0.549	-0.536	-0.377	-0.387	-0.381	-0.382	-0.531	-0.365	-0.545	-0.373	-0.377	-0.427	-0.531	-0.370	-0.366	-0.387	-0.389	-0.534	-0.382	-0.509	-0.395	-0.459	-0.557	-0.398	-0.541	-0.518	-0.436	-0.436	-0.233	-0.327	-0.439	-0.514	-0.517	-0.517	-0.517	-0.518	-0.518	-0.439	-0.518	-0.440	-0.512	-0.518	-0.521	-0.557	-0.522	-0.557	-0.623	-0.522	-0.519	-0.555	-0.524	-0.529	-0.525	-0.524	-0.582	-0.568	-0.524	-0.563	-0.570	-0.529	-0.556	-0.527	-0.527	-0.516	-0.516	-0.639	-0.535	-0.515	-0.534	-0.515	-0.514	-0.554	-0.525	-0.658	-0.651	-0.631	-0.561	-0.639	-0.556	-0.562	-0.544	-0.558	-0.554	-0.503	-0.551	-0.549	-0.517	-0.538	-0.538	-0.615	-0.670	-0.565	-0.498	-0.504	-0.523	-0.559	-0.650	-0.465	-0.607	-0.628	-0.603	-0.631	-0.517	-0.517	-0.518	-0.515	-0.541	-0.518	-0.520	-0.518	-0.515	-0.519	-0.519	-0.629	-0.519	-0.519	-0.519	-0.536	-0.519	-0.519	-0.519	-0.520	-0.656	-0.622	-0.520	-0.520	-0.522	-0.520	-0.521	-0.521	-0.523	
rs116815297    -0.604	-0.465	-0.545	-0.542	-0.609	-0.261	-0.288	-0.555	-0.549	-0.536	-0.380	-0.389	-0.383	-0.384	-0.530	-0.368	-0.544	-0.376	-0.379	-0.427	-0.530	-0.370	-0.366	-0.389	-0.391	-0.533	-0.384	-0.508	-0.397	-0.460	-0.556	-0.400	-0.540	-0.517	-0.438	-0.437	-0.232	-0.439	-0.326	-0.513	-0.515	-0.515	-0.515	-0.517	-0.518	-0.436	-0.516	-0.442	-0.512	-0.518	-0.520	-0.556	-0.522	-0.557	-0.622	-0.522	-0.519	-0.554	-0.524	-0.529	-0.525	-0.524	-0.581	-0.567	-0.523	-0.563	-0.569	-0.528	-0.555	-0.527	-0.527	-0.516	-0.516	-0.638	-0.534	-0.515	-0.534	-0.515	-0.513	-0.553	-0.524	-0.657	-0.650	-0.630	-0.560	-0.638	-0.555	-0.561	-0.543	-0.557	-0.553	-0.502	-0.550	-0.548	-0.516	-0.537	-0.537	-0.614	-0.668	-0.564	-0.497	-0.503	-0.522	-0.558	-0.649	-0.465	-0.606	-0.627	-0.602	-0.630	-0.516	-0.517	-0.517	-0.514	-0.540	-0.517	-0.519	-0.518	-0.514	-0.518	-0.518	-0.628	-0.518	-0.518	-0.518	-0.535	-0.518	-0.519	-0.519	-0.519	-0.655	-0.621	-0.519	-0.519	-0.521	-0.520	-0.520	-0.520	-0.522	
