## Summary of overall evidence for association with region:
## log10(BF for region) = -0.385646
## p-value for region = NA

## BFs for choosing among multi-SNP models:
## log10(average 1-SNP BF) = -0.321799
## log10(average 2-SNP BF) = -0.551059

## Example posterior probabilities for multi-SNP models, based on default prior: [p(l) propto 0.5^l for l=1,2,...,L]
## posterior probability of 1-SNP = 0.772246
## posterior probability of 2-SNP = 0.227754

## log10(BF) for single SNP and pair of SNPs:
rs59953817     -0.104	-0.385	-0.402	-0.436	-0.437	-0.421	-0.444	-0.403	-0.431	-0.428	-0.429	+0.235	-0.392	-0.392	+0.402	+0.409	-0.402	-0.402	-0.403	-0.401	-0.393	-0.387	-0.386	+0.424	-0.391	-0.122	-0.271	-0.393	-0.535	-0.413	-0.492	-0.505	-0.504	-0.528	-0.605	-0.603	-0.594	-0.588	-0.588	-0.586	-0.594	-0.584	-0.585	-0.607	-0.607	-0.605	-0.596	-0.596	-0.592	-0.592	-0.566	-0.566	-0.566	-0.566	-0.565	-0.563	-0.566	-0.585	-0.589	-0.521	-0.461	-0.440	-0.520	-0.468	-0.446	-0.435	-0.530	-0.530	-0.422	-0.419	-0.461	-0.456	-0.442	-0.356	-0.351	-0.445	-0.495	-0.400	-0.326	
rs12601153     -0.385	-0.236	-0.375	-0.453	-0.455	-0.385	-0.467	-0.433	-0.480	-0.474	-0.477	+0.122	-0.514	-0.514	+0.331	+0.300	-0.524	-0.515	-0.517	-0.517	-0.517	-0.512	-0.513	+0.307	-0.511	-0.221	-0.373	-0.497	-0.657	-0.522	-0.614	-0.627	-0.626	-0.649	-0.724	-0.721	-0.713	-0.706	-0.707	-0.704	-0.712	-0.702	-0.703	-0.725	-0.726	-0.724	-0.715	-0.715	-0.710	-0.710	-0.680	-0.680	-0.680	-0.680	-0.680	-0.677	-0.681	-0.701	-0.706	-0.633	-0.570	-0.549	-0.632	-0.578	-0.555	-0.552	-0.643	-0.643	-0.536	-0.532	-0.575	-0.570	-0.555	-0.462	-0.457	-0.555	-0.606	-0.512	-0.440	
rs34588747     -0.402	-0.375	-0.286	-0.497	-0.505	-0.448	-0.511	-0.485	-0.527	-0.522	-0.525	+0.076	-0.561	-0.561	+0.282	+0.258	-0.571	-0.563	-0.565	-0.564	-0.565	-0.559	-0.560	+0.260	-0.558	-0.266	-0.418	-0.543	-0.703	-0.568	-0.661	-0.673	-0.672	-0.695	-0.771	-0.768	-0.759	-0.753	-0.753	-0.751	-0.759	-0.748	-0.749	-0.772	-0.773	-0.771	-0.761	-0.761	-0.757	-0.757	-0.727	-0.727	-0.727	-0.727	-0.726	-0.724	-0.727	-0.748	-0.753	-0.680	-0.617	-0.596	-0.679	-0.625	-0.602	-0.599	-0.690	-0.690	-0.583	-0.580	-0.623	-0.617	-0.602	-0.510	-0.505	-0.602	-0.654	-0.559	-0.486	
rs34037779     -0.436	-0.453	-0.497	-0.364	-0.516	-0.598	-0.515	-0.530	-0.569	-0.565	-0.568	+0.022	-0.634	-0.635	+0.230	+0.212	-0.644	-0.636	-0.639	-0.638	-0.638	-0.632	-0.633	+0.205	-0.632	-0.322	-0.477	-0.611	-0.772	-0.641	-0.729	-0.742	-0.741	-0.764	-0.843	-0.839	-0.830	-0.823	-0.824	-0.821	-0.830	-0.819	-0.820	-0.844	-0.846	-0.843	-0.833	-0.833	-0.829	-0.829	-0.798	-0.798	-0.798	-0.798	-0.797	-0.795	-0.798	-0.819	-0.825	-0.751	-0.688	-0.666	-0.750	-0.695	-0.672	-0.672	-0.762	-0.762	-0.657	-0.653	-0.696	-0.691	-0.676	-0.585	-0.579	-0.672	-0.724	-0.633	-0.556	
rs35400033     -0.437	-0.455	-0.505	-0.516	-0.397	-0.635	-0.558	-0.600	-0.616	-0.615	-0.618	-0.010	-0.667	-0.667	+0.196	+0.184	-0.677	-0.669	-0.671	-0.671	-0.670	-0.664	-0.665	+0.171	-0.664	-0.354	-0.509	-0.643	-0.804	-0.672	-0.761	-0.774	-0.773	-0.796	-0.875	-0.871	-0.862	-0.855	-0.855	-0.852	-0.861	-0.850	-0.851	-0.876	-0.878	-0.875	-0.865	-0.865	-0.860	-0.860	-0.829	-0.829	-0.829	-0.829	-0.828	-0.826	-0.829	-0.850	-0.856	-0.782	-0.719	-0.697	-0.781	-0.726	-0.703	-0.705	-0.793	-0.793	-0.689	-0.686	-0.729	-0.723	-0.709	-0.618	-0.613	-0.703	-0.755	-0.666	-0.587	
rs35931417     -0.421	-0.385	-0.448	-0.598	-0.635	-0.425	-0.621	-0.697	-0.690	-0.692	-0.695	-0.051	-0.693	-0.693	+0.153	+0.142	-0.703	-0.695	-0.697	-0.697	-0.696	-0.691	-0.692	+0.129	-0.690	-0.393	-0.545	-0.678	-0.834	-0.697	-0.791	-0.804	-0.803	-0.826	-0.901	-0.897	-0.888	-0.881	-0.882	-0.879	-0.888	-0.877	-0.878	-0.902	-0.903	-0.901	-0.891	-0.891	-0.887	-0.887	-0.857	-0.856	-0.856	-0.856	-0.856	-0.853	-0.857	-0.877	-0.883	-0.810	-0.747	-0.725	-0.808	-0.754	-0.731	-0.731	-0.820	-0.820	-0.716	-0.712	-0.755	-0.749	-0.735	-0.645	-0.640	-0.731	-0.783	-0.692	-0.614	
rs8064956      -0.444	-0.467	-0.511	-0.515	-0.558	-0.621	-0.396	-0.586	-0.608	-0.606	-0.609	-0.007	-0.665	-0.665	+0.199	+0.185	-0.675	-0.667	-0.669	-0.669	-0.668	-0.662	-0.663	+0.175	-0.662	-0.351	-0.506	-0.640	-0.801	-0.670	-0.758	-0.771	-0.770	-0.793	-0.873	-0.869	-0.860	-0.853	-0.853	-0.850	-0.859	-0.848	-0.849	-0.874	-0.875	-0.873	-0.863	-0.863	-0.858	-0.858	-0.828	-0.828	-0.828	-0.827	-0.827	-0.824	-0.828	-0.849	-0.854	-0.781	-0.717	-0.695	-0.779	-0.725	-0.701	-0.703	-0.791	-0.791	-0.687	-0.684	-0.726	-0.721	-0.706	-0.616	-0.610	-0.702	-0.754	-0.663	-0.585	
rs4789614      -0.403	-0.433	-0.485	-0.530	-0.600	-0.697	-0.586	-0.502	-0.577	-0.592	-0.616	-0.110	-0.765	-0.765	+0.093	+0.092	-0.775	-0.768	-0.770	-0.770	-0.768	-0.763	-0.764	+0.069	-0.763	-0.451	-0.606	-0.743	-0.901	-0.767	-0.857	-0.870	-0.869	-0.892	-0.972	-0.968	-0.959	-0.951	-0.952	-0.949	-0.958	-0.946	-0.948	-0.973	-0.975	-0.972	-0.963	-0.963	-0.958	-0.958	-0.926	-0.926	-0.926	-0.926	-0.925	-0.923	-0.926	-0.947	-0.953	-0.880	-0.816	-0.794	-0.878	-0.824	-0.800	-0.803	-0.891	-0.891	-0.788	-0.785	-0.827	-0.822	-0.807	-0.718	-0.713	-0.801	-0.853	-0.765	-0.683	
rs28556769     -0.431	-0.480	-0.527	-0.569	-0.616	-0.690	-0.608	-0.577	-0.466	-0.591	-0.603	-0.077	-0.731	-0.731	+0.127	+0.120	-0.741	-0.733	-0.735	-0.735	-0.734	-0.728	-0.729	+0.103	-0.728	-0.419	-0.573	-0.707	-0.866	-0.734	-0.822	-0.835	-0.834	-0.857	-0.938	-0.934	-0.925	-0.917	-0.918	-0.915	-0.924	-0.913	-0.914	-0.939	-0.941	-0.938	-0.928	-0.928	-0.923	-0.923	-0.892	-0.892	-0.892	-0.892	-0.891	-0.889	-0.892	-0.913	-0.919	-0.845	-0.782	-0.760	-0.844	-0.789	-0.766	-0.768	-0.856	-0.857	-0.753	-0.750	-0.792	-0.787	-0.772	-0.682	-0.677	-0.766	-0.818	-0.730	-0.647	
rs7221985      -0.428	-0.474	-0.522	-0.565	-0.615	-0.692	-0.606	-0.592	-0.591	-0.472	-0.607	-0.083	-0.737	-0.737	+0.121	+0.115	-0.747	-0.740	-0.742	-0.741	-0.740	-0.735	-0.735	+0.097	-0.734	-0.424	-0.579	-0.713	-0.872	-0.740	-0.829	-0.842	-0.841	-0.864	-0.944	-0.940	-0.931	-0.924	-0.924	-0.921	-0.930	-0.919	-0.920	-0.945	-0.947	-0.944	-0.935	-0.935	-0.930	-0.930	-0.898	-0.898	-0.898	-0.898	-0.897	-0.895	-0.898	-0.920	-0.925	-0.852	-0.788	-0.766	-0.850	-0.795	-0.772	-0.775	-0.863	-0.863	-0.760	-0.756	-0.798	-0.793	-0.778	-0.689	-0.683	-0.772	-0.824	-0.736	-0.654	
rs4789619      -0.429	-0.477	-0.525	-0.568	-0.618	-0.695	-0.609	-0.616	-0.603	-0.607	-0.474	-0.083	-0.739	-0.739	+0.121	+0.115	-0.748	-0.741	-0.743	-0.743	-0.742	-0.736	-0.737	+0.096	-0.736	-0.425	-0.581	-0.715	-0.874	-0.742	-0.830	-0.843	-0.842	-0.865	-0.946	-0.942	-0.932	-0.925	-0.925	-0.923	-0.932	-0.920	-0.921	-0.946	-0.949	-0.945	-0.936	-0.936	-0.931	-0.931	-0.900	-0.900	-0.900	-0.900	-0.899	-0.896	-0.900	-0.921	-0.927	-0.853	-0.790	-0.768	-0.852	-0.797	-0.774	-0.776	-0.864	-0.865	-0.761	-0.758	-0.800	-0.795	-0.780	-0.691	-0.685	-0.774	-0.826	-0.738	-0.656	
rs59027749     +0.235	+0.122	+0.076	+0.022	-0.010	-0.051	-0.007	-0.110	-0.077	-0.083	-0.083	+0.295	+0.048	+0.048	+0.218	+0.238	+0.039	+0.094	+0.086	+0.071	+0.030	+0.033	+0.016	+0.234	+0.057	-0.018	-0.096	-0.135	-0.217	-0.141	-0.202	-0.207	-0.206	-0.209	-0.211	-0.212	-0.206	-0.201	-0.201	-0.200	-0.205	-0.198	-0.199	-0.214	-0.209	-0.212	-0.202	-0.202	-0.197	-0.197	-0.164	-0.164	-0.163	-0.163	-0.163	-0.160	-0.163	-0.186	-0.193	-0.119	-0.038	-0.015	-0.117	-0.046	-0.021	-0.036	-0.125	-0.124	-0.021	-0.018	-0.058	-0.052	-0.036	+0.061	+0.066	-0.003	-0.062	+0.021	+0.167	
rs11654297     -0.392	-0.514	-0.561	-0.634	-0.667	-0.693	-0.665	-0.765	-0.731	-0.737	-0.739	+0.048	-0.396	-0.506	+0.236	+0.300	-0.527	-0.516	-0.522	-0.515	-0.553	-0.535	-0.539	+0.222	-0.545	-0.338	-0.499	-0.645	-0.808	-0.660	-0.765	-0.778	-0.777	-0.800	-0.879	-0.874	-0.864	-0.856	-0.856	-0.853	-0.863	-0.851	-0.852	-0.879	-0.883	-0.878	-0.869	-0.869	-0.862	-0.861	-0.829	-0.829	-0.828	-0.828	-0.828	-0.825	-0.829	-0.850	-0.857	-0.783	-0.720	-0.698	-0.782	-0.728	-0.704	-0.706	-0.796	-0.796	-0.691	-0.688	-0.732	-0.727	-0.712	-0.623	-0.618	-0.705	-0.758	-0.668	-0.590	
rs11654298     -0.392	-0.514	-0.561	-0.635	-0.667	-0.693	-0.665	-0.765	-0.731	-0.737	-0.739	+0.048	-0.506	-0.396	+0.236	+0.300	-0.528	-0.516	-0.521	-0.515	-0.553	-0.535	-0.539	+0.221	-0.545	-0.338	-0.499	-0.645	-0.808	-0.660	-0.765	-0.778	-0.777	-0.800	-0.879	-0.874	-0.864	-0.856	-0.856	-0.853	-0.863	-0.851	-0.852	-0.879	-0.883	-0.878	-0.869	-0.869	-0.862	-0.862	-0.829	-0.829	-0.828	-0.828	-0.828	-0.825	-0.829	-0.851	-0.857	-0.783	-0.720	-0.698	-0.782	-0.728	-0.704	-0.706	-0.796	-0.796	-0.691	-0.688	-0.732	-0.727	-0.713	-0.623	-0.618	-0.705	-0.758	-0.668	-0.590	
rs8066477      +0.402	+0.331	+0.282	+0.230	+0.196	+0.153	+0.199	+0.093	+0.127	+0.121	+0.121	+0.218	+0.236	+0.236	+0.502	+0.339	+0.224	+0.190	+0.192	+0.204	+0.237	+0.249	+0.266	+0.297	+0.225	+0.128	+0.071	+0.015	-0.024	+0.051	-0.010	-0.014	-0.014	-0.016	-0.014	-0.016	-0.011	-0.007	-0.007	-0.006	-0.010	-0.004	-0.005	-0.017	-0.011	-0.016	-0.005	-0.005	-0.003	-0.003	+0.015	+0.015	+0.015	+0.015	+0.016	+0.018	+0.015	-0.001	-0.003	+0.053	+0.126	+0.147	+0.056	+0.119	+0.141	+0.151	+0.052	+0.053	+0.155	+0.157	+0.120	+0.124	+0.136	+0.214	+0.219	+0.159	+0.106	+0.187	+0.321	
rs1113020      +0.409	+0.300	+0.258	+0.212	+0.184	+0.142	+0.185	+0.092	+0.120	+0.115	+0.115	+0.238	+0.300	+0.300	+0.339	+0.526	+0.292	+0.361	+0.350	+0.332	+0.275	+0.279	+0.256	+0.309	+0.312	+0.161	+0.099	+0.072	+0.001	+0.072	+0.011	+0.008	+0.008	+0.008	+0.023	+0.016	+0.015	+0.016	+0.016	+0.016	+0.016	+0.016	+0.016	+0.017	+0.030	+0.019	+0.030	+0.030	+0.022	+0.022	+0.042	+0.042	+0.042	+0.042	+0.043	+0.045	+0.042	+0.026	+0.023	+0.080	+0.155	+0.176	+0.083	+0.148	+0.171	+0.193	+0.077	+0.078	+0.212	+0.216	+0.176	+0.183	+0.201	+0.308	+0.314	+0.184	+0.132	+0.260	+0.386	
rs11651551     -0.402	-0.524	-0.571	-0.644	-0.677	-0.703	-0.675	-0.775	-0.741	-0.747	-0.748	+0.039	-0.527	-0.528	+0.224	+0.292	-0.407	-0.512	-0.519	-0.508	-0.561	-0.542	-0.547	+0.214	-0.553	-0.348	-0.509	-0.656	-0.818	-0.670	-0.774	-0.787	-0.786	-0.810	-0.888	-0.883	-0.873	-0.865	-0.866	-0.863	-0.873	-0.860	-0.862	-0.889	-0.892	-0.888	-0.879	-0.879	-0.871	-0.871	-0.839	-0.838	-0.838	-0.838	-0.838	-0.835	-0.839	-0.860	-0.867	-0.793	-0.730	-0.708	-0.792	-0.738	-0.714	-0.716	-0.805	-0.806	-0.701	-0.698	-0.742	-0.737	-0.723	-0.634	-0.628	-0.715	-0.768	-0.678	-0.600	
rs73349717     -0.402	-0.515	-0.563	-0.636	-0.669	-0.695	-0.667	-0.768	-0.733	-0.740	-0.741	+0.094	-0.516	-0.516	+0.190	+0.361	-0.512	-0.400	-0.518	-0.535	-0.498	-0.511	-0.506	+0.271	-0.551	-0.355	-0.513	-0.666	-0.808	-0.671	-0.764	-0.777	-0.776	-0.799	-0.882	-0.878	-0.868	-0.860	-0.860	-0.857	-0.867	-0.855	-0.856	-0.883	-0.886	-0.882	-0.873	-0.873	-0.867	-0.867	-0.836	-0.836	-0.836	-0.836	-0.835	-0.833	-0.837	-0.857	-0.863	-0.792	-0.730	-0.708	-0.790	-0.738	-0.714	-0.712	-0.803	-0.804	-0.700	-0.697	-0.739	-0.735	-0.721	-0.636	-0.631	-0.715	-0.767	-0.678	-0.602	
rs73349720     -0.403	-0.517	-0.565	-0.639	-0.671	-0.697	-0.669	-0.770	-0.735	-0.742	-0.743	+0.086	-0.522	-0.521	+0.192	+0.350	-0.519	-0.518	-0.402	-0.535	-0.502	-0.517	-0.513	+0.263	-0.554	-0.356	-0.514	-0.666	-0.810	-0.672	-0.766	-0.779	-0.778	-0.802	-0.884	-0.879	-0.869	-0.862	-0.862	-0.859	-0.869	-0.856	-0.858	-0.885	-0.888	-0.884	-0.875	-0.875	-0.869	-0.868	-0.838	-0.838	-0.838	-0.838	-0.837	-0.834	-0.838	-0.859	-0.864	-0.793	-0.732	-0.710	-0.792	-0.739	-0.716	-0.714	-0.805	-0.805	-0.701	-0.698	-0.741	-0.736	-0.723	-0.637	-0.632	-0.716	-0.768	-0.679	-0.603	
rs73349722     -0.401	-0.517	-0.564	-0.638	-0.671	-0.697	-0.669	-0.770	-0.735	-0.741	-0.743	+0.071	-0.515	-0.515	+0.204	+0.332	-0.508	-0.535	-0.535	-0.402	-0.537	-0.515	-0.514	+0.247	-0.549	-0.352	-0.511	-0.662	-0.811	-0.670	-0.768	-0.781	-0.780	-0.803	-0.884	-0.879	-0.869	-0.861	-0.862	-0.859	-0.869	-0.856	-0.857	-0.885	-0.888	-0.884	-0.875	-0.875	-0.868	-0.868	-0.837	-0.837	-0.836	-0.836	-0.836	-0.833	-0.837	-0.858	-0.864	-0.792	-0.730	-0.708	-0.790	-0.737	-0.714	-0.713	-0.804	-0.804	-0.700	-0.697	-0.740	-0.735	-0.721	-0.635	-0.629	-0.714	-0.767	-0.678	-0.601	
rs59959072     -0.393	-0.517	-0.565	-0.638	-0.670	-0.696	-0.668	-0.768	-0.734	-0.740	-0.742	+0.030	-0.553	-0.553	+0.237	+0.275	-0.561	-0.498	-0.502	-0.537	-0.399	-0.529	-0.541	+0.214	-0.534	-0.337	-0.498	-0.645	-0.811	-0.660	-0.768	-0.781	-0.780	-0.803	-0.881	-0.876	-0.866	-0.858	-0.859	-0.856	-0.866	-0.853	-0.854	-0.882	-0.885	-0.881	-0.872	-0.872	-0.864	-0.864	-0.830	-0.830	-0.830	-0.830	-0.829	-0.827	-0.831	-0.852	-0.859	-0.784	-0.721	-0.699	-0.783	-0.729	-0.705	-0.708	-0.797	-0.798	-0.693	-0.689	-0.734	-0.728	-0.714	-0.624	-0.618	-0.706	-0.759	-0.670	-0.590	
rs73349725     -0.387	-0.512	-0.559	-0.632	-0.664	-0.691	-0.662	-0.763	-0.728	-0.735	-0.736	+0.033	-0.535	-0.535	+0.249	+0.279	-0.542	-0.511	-0.517	-0.515	-0.529	-0.392	-0.521	+0.216	-0.507	-0.331	-0.493	-0.637	-0.806	-0.655	-0.763	-0.776	-0.775	-0.798	-0.875	-0.871	-0.861	-0.853	-0.853	-0.850	-0.860	-0.847	-0.849	-0.876	-0.879	-0.875	-0.866	-0.866	-0.858	-0.858	-0.824	-0.824	-0.824	-0.824	-0.823	-0.821	-0.825	-0.847	-0.853	-0.778	-0.715	-0.693	-0.777	-0.723	-0.699	-0.702	-0.792	-0.792	-0.687	-0.683	-0.728	-0.723	-0.708	-0.618	-0.612	-0.700	-0.753	-0.664	-0.584	
rs73349729     -0.386	-0.513	-0.560	-0.633	-0.665	-0.692	-0.663	-0.764	-0.729	-0.735	-0.737	+0.016	-0.539	-0.539	+0.266	+0.256	-0.547	-0.506	-0.513	-0.514	-0.541	-0.521	-0.392	+0.196	-0.511	-0.326	-0.489	-0.634	-0.807	-0.652	-0.764	-0.777	-0.776	-0.799	-0.875	-0.871	-0.861	-0.853	-0.853	-0.850	-0.860	-0.847	-0.849	-0.876	-0.879	-0.875	-0.866	-0.866	-0.858	-0.858	-0.824	-0.824	-0.823	-0.823	-0.823	-0.820	-0.824	-0.846	-0.853	-0.778	-0.714	-0.692	-0.776	-0.722	-0.698	-0.701	-0.791	-0.791	-0.686	-0.682	-0.727	-0.722	-0.707	-0.616	-0.610	-0.698	-0.752	-0.662	-0.583	
rs7406913      +0.424	+0.307	+0.260	+0.205	+0.171	+0.129	+0.175	+0.069	+0.103	+0.097	+0.096	+0.234	+0.222	+0.221	+0.297	+0.309	+0.214	+0.271	+0.263	+0.247	+0.214	+0.216	+0.196	+0.476	+0.244	+0.119	+0.054	+0.014	-0.047	+0.025	-0.038	-0.040	-0.040	-0.040	-0.038	-0.040	-0.034	-0.030	-0.030	-0.029	-0.033	-0.027	-0.028	-0.041	-0.036	-0.040	-0.029	-0.029	-0.025	-0.025	+0.008	+0.008	+0.008	+0.008	+0.009	+0.012	+0.008	-0.015	-0.021	+0.051	+0.136	+0.159	+0.054	+0.127	+0.153	+0.136	+0.046	+0.048	+0.151	+0.155	+0.114	+0.120	+0.137	+0.234	+0.240	+0.174	+0.114	+0.195	+0.355	
rs73349733     -0.391	-0.511	-0.558	-0.632	-0.664	-0.690	-0.662	-0.763	-0.728	-0.734	-0.736	+0.057	-0.545	-0.545	+0.225	+0.312	-0.553	-0.551	-0.554	-0.549	-0.534	-0.507	-0.511	+0.244	-0.394	-0.339	-0.499	-0.646	-0.805	-0.659	-0.762	-0.775	-0.774	-0.797	-0.877	-0.872	-0.862	-0.854	-0.854	-0.851	-0.861	-0.848	-0.850	-0.877	-0.881	-0.876	-0.867	-0.867	-0.860	-0.860	-0.827	-0.827	-0.827	-0.827	-0.827	-0.824	-0.828	-0.849	-0.855	-0.782	-0.720	-0.697	-0.781	-0.727	-0.703	-0.704	-0.794	-0.795	-0.690	-0.687	-0.731	-0.726	-0.712	-0.623	-0.618	-0.704	-0.757	-0.668	-0.590	
rs8082523      -0.122	-0.221	-0.266	-0.322	-0.354	-0.393	-0.351	-0.451	-0.419	-0.424	-0.425	-0.018	-0.338	-0.338	+0.128	+0.161	-0.348	-0.355	-0.356	-0.352	-0.337	-0.331	-0.326	+0.119	-0.339	-0.060	-0.221	-0.494	-0.544	-0.354	-0.533	-0.536	-0.536	-0.538	-0.548	-0.552	-0.548	-0.545	-0.545	-0.544	-0.547	-0.543	-0.544	-0.552	-0.545	-0.551	-0.539	-0.539	-0.539	-0.539	-0.525	-0.525	-0.525	-0.525	-0.524	-0.523	-0.525	-0.538	-0.539	-0.490	-0.435	-0.416	-0.488	-0.442	-0.421	-0.389	-0.493	-0.493	-0.382	-0.379	-0.416	-0.412	-0.399	-0.317	-0.312	-0.414	-0.461	-0.350	-0.212	
rs7220636      -0.271	-0.373	-0.418	-0.477	-0.509	-0.545	-0.506	-0.606	-0.573	-0.579	-0.581	-0.096	-0.499	-0.499	+0.071	+0.099	-0.509	-0.513	-0.514	-0.511	-0.498	-0.493	-0.489	+0.054	-0.499	-0.221	-0.227	-0.625	-0.695	-0.524	-0.678	-0.683	-0.683	-0.689	-0.707	-0.709	-0.705	-0.701	-0.701	-0.700	-0.704	-0.699	-0.699	-0.711	-0.705	-0.709	-0.698	-0.698	-0.697	-0.697	-0.680	-0.680	-0.680	-0.680	-0.679	-0.678	-0.680	-0.695	-0.697	-0.644	-0.589	-0.569	-0.642	-0.595	-0.574	-0.547	-0.648	-0.648	-0.539	-0.536	-0.574	-0.569	-0.557	-0.474	-0.469	-0.568	-0.615	-0.509	-0.380	
rs34476406     -0.393	-0.497	-0.543	-0.611	-0.643	-0.678	-0.640	-0.743	-0.707	-0.713	-0.715	-0.135	-0.645	-0.645	+0.015	+0.072	-0.656	-0.666	-0.666	-0.662	-0.645	-0.637	-0.634	+0.014	-0.646	-0.494	-0.625	-0.390	-0.680	-0.734	-0.697	-0.695	-0.695	-0.690	-0.862	-0.861	-0.855	-0.851	-0.851	-0.849	-0.854	-0.847	-0.848	-0.864	-0.861	-0.862	-0.853	-0.853	-0.844	-0.844	-0.831	-0.831	-0.831	-0.831	-0.831	-0.830	-0.832	-0.844	-0.844	-0.801	-0.759	-0.741	-0.799	-0.764	-0.746	-0.699	-0.803	-0.803	-0.691	-0.689	-0.729	-0.725	-0.713	-0.638	-0.633	-0.740	-0.782	-0.667	-0.614	
rs17782371     -0.535	-0.657	-0.703	-0.772	-0.804	-0.834	-0.801	-0.901	-0.866	-0.872	-0.874	-0.217	-0.808	-0.808	-0.024	+0.001	-0.818	-0.808	-0.810	-0.811	-0.811	-0.806	-0.807	-0.047	-0.805	-0.544	-0.695	-0.680	-0.548	-0.838	-0.614	-0.646	-0.644	-0.720	-1.014	-1.011	-1.003	-0.996	-0.997	-0.994	-1.002	-0.992	-0.993	-1.015	-1.016	-1.014	-1.005	-1.005	-1.000	-1.000	-0.973	-0.973	-0.973	-0.973	-0.972	-0.970	-0.973	-0.992	-0.997	-0.933	-0.878	-0.857	-0.931	-0.885	-0.863	-0.841	-0.940	-0.941	-0.825	-0.821	-0.866	-0.861	-0.846	-0.755	-0.750	-0.861	-0.910	-0.805	-0.741	
rs4789100      -0.413	-0.522	-0.568	-0.641	-0.672	-0.697	-0.670	-0.767	-0.734	-0.740	-0.742	-0.141	-0.660	-0.660	+0.051	+0.072	-0.670	-0.671	-0.672	-0.670	-0.660	-0.655	-0.652	+0.025	-0.659	-0.354	-0.524	-0.734	-0.838	-0.394	-0.811	-0.819	-0.819	-0.831	-0.869	-0.868	-0.861	-0.856	-0.856	-0.854	-0.860	-0.852	-0.853	-0.871	-0.869	-0.870	-0.859	-0.859	-0.856	-0.856	-0.833	-0.833	-0.833	-0.833	-0.832	-0.830	-0.833	-0.850	-0.854	-0.793	-0.732	-0.711	-0.791	-0.739	-0.717	-0.705	-0.800	-0.800	-0.695	-0.692	-0.731	-0.726	-0.713	-0.628	-0.623	-0.713	-0.763	-0.666	-0.535	
rs12452724     -0.492	-0.614	-0.661	-0.729	-0.761	-0.791	-0.758	-0.857	-0.822	-0.829	-0.830	-0.202	-0.765	-0.765	-0.010	+0.011	-0.774	-0.764	-0.766	-0.768	-0.768	-0.763	-0.764	-0.038	-0.762	-0.533	-0.678	-0.697	-0.614	-0.811	-0.503	-0.635	-0.635	-0.661	-0.971	-0.969	-0.961	-0.955	-0.955	-0.953	-0.960	-0.950	-0.951	-0.972	-0.973	-0.971	-0.962	-0.962	-0.958	-0.958	-0.931	-0.931	-0.931	-0.931	-0.931	-0.928	-0.932	-0.950	-0.955	-0.892	-0.839	-0.819	-0.890	-0.846	-0.824	-0.796	-0.899	-0.899	-0.780	-0.776	-0.822	-0.817	-0.801	-0.710	-0.704	-0.822	-0.870	-0.761	-0.701	
rs12453316     -0.505	-0.627	-0.673	-0.742	-0.774	-0.804	-0.771	-0.870	-0.835	-0.842	-0.843	-0.207	-0.778	-0.778	-0.014	+0.008	-0.787	-0.777	-0.779	-0.781	-0.781	-0.776	-0.777	-0.040	-0.775	-0.536	-0.683	-0.695	-0.646	-0.819	-0.635	-0.516	-0.643	-0.680	-0.984	-0.981	-0.973	-0.967	-0.967	-0.965	-0.973	-0.963	-0.964	-0.985	-0.985	-0.984	-0.975	-0.975	-0.970	-0.970	-0.944	-0.944	-0.944	-0.944	-0.943	-0.941	-0.944	-0.963	-0.967	-0.904	-0.851	-0.830	-0.902	-0.858	-0.836	-0.809	-0.911	-0.912	-0.793	-0.789	-0.835	-0.830	-0.815	-0.723	-0.718	-0.834	-0.882	-0.774	-0.713	
rs12453319     -0.504	-0.626	-0.672	-0.741	-0.773	-0.803	-0.770	-0.869	-0.834	-0.841	-0.842	-0.206	-0.777	-0.777	-0.014	+0.008	-0.786	-0.776	-0.778	-0.780	-0.780	-0.775	-0.776	-0.040	-0.774	-0.536	-0.683	-0.695	-0.644	-0.819	-0.635	-0.643	-0.515	-0.679	-0.983	-0.980	-0.972	-0.966	-0.966	-0.964	-0.972	-0.962	-0.963	-0.984	-0.984	-0.983	-0.974	-0.974	-0.969	-0.969	-0.943	-0.943	-0.943	-0.943	-0.942	-0.940	-0.943	-0.962	-0.966	-0.903	-0.850	-0.830	-0.901	-0.857	-0.835	-0.808	-0.911	-0.911	-0.792	-0.788	-0.834	-0.829	-0.814	-0.722	-0.717	-0.833	-0.881	-0.773	-0.712	
rs1531860      -0.528	-0.649	-0.695	-0.764	-0.796	-0.826	-0.793	-0.892	-0.857	-0.864	-0.865	-0.209	-0.800	-0.800	-0.016	+0.008	-0.810	-0.799	-0.802	-0.803	-0.803	-0.798	-0.799	-0.040	-0.797	-0.538	-0.689	-0.690	-0.720	-0.831	-0.661	-0.680	-0.679	-0.539	-1.006	-1.003	-0.995	-0.988	-0.989	-0.986	-0.994	-0.984	-0.985	-1.007	-1.008	-1.006	-0.997	-0.997	-0.992	-0.992	-0.965	-0.965	-0.965	-0.965	-0.964	-0.962	-0.965	-0.984	-0.989	-0.925	-0.870	-0.850	-0.923	-0.877	-0.855	-0.832	-0.933	-0.933	-0.816	-0.812	-0.858	-0.852	-0.837	-0.747	-0.741	-0.854	-0.902	-0.797	-0.734	
rs28457076     -0.605	-0.724	-0.771	-0.843	-0.875	-0.901	-0.873	-0.972	-0.938	-0.944	-0.946	-0.211	-0.879	-0.879	-0.014	+0.023	-0.888	-0.882	-0.884	-0.884	-0.881	-0.875	-0.875	-0.038	-0.877	-0.548	-0.707	-0.862	-1.014	-0.869	-0.971	-0.984	-0.983	-1.006	-0.620	-0.735	-0.846	-0.828	-0.831	-0.823	-0.848	-0.816	-0.820	-0.786	-0.792	-0.805	-0.832	-0.832	-0.943	-0.943	-0.922	-0.922	-0.922	-0.921	-0.921	-0.919	-0.924	-0.934	-0.941	-0.858	-0.809	-0.777	-0.867	-0.820	-0.787	-0.911	-0.919	-0.927	-0.899	-0.895	-0.940	-0.935	-0.922	-0.836	-0.831	-0.857	-0.917	-0.880	-0.790	
rs12600872     -0.603	-0.721	-0.768	-0.839	-0.871	-0.897	-0.869	-0.968	-0.934	-0.940	-0.942	-0.212	-0.874	-0.874	-0.016	+0.016	-0.883	-0.878	-0.879	-0.879	-0.876	-0.871	-0.871	-0.040	-0.872	-0.552	-0.709	-0.861	-1.011	-0.868	-0.969	-0.981	-0.980	-1.003	-0.735	-0.615	-0.853	-0.841	-0.843	-0.837	-0.854	-0.832	-0.835	-0.779	-0.759	-0.798	-0.823	-0.823	-0.940	-0.940	-0.928	-0.928	-0.927	-0.927	-0.927	-0.925	-0.930	-0.936	-0.940	-0.872	-0.826	-0.797	-0.879	-0.837	-0.806	-0.907	-0.926	-0.933	-0.896	-0.893	-0.937	-0.932	-0.919	-0.834	-0.829	-0.867	-0.924	-0.877	-0.794	
rs12941308     -0.594	-0.713	-0.759	-0.830	-0.862	-0.888	-0.860	-0.959	-0.925	-0.931	-0.932	-0.206	-0.864	-0.864	-0.011	+0.015	-0.873	-0.868	-0.869	-0.869	-0.866	-0.861	-0.861	-0.034	-0.862	-0.548	-0.705	-0.855	-1.003	-0.861	-0.961	-0.973	-0.972	-0.995	-0.846	-0.853	-0.605	-0.726	-0.732	-0.718	-0.748	-0.708	-0.713	-0.846	-0.829	-0.853	-0.867	-0.867	-0.942	-0.942	-0.905	-0.905	-0.905	-0.905	-0.905	-0.903	-0.908	-0.942	-0.946	-0.890	-0.845	-0.820	-0.894	-0.855	-0.828	-0.902	-0.933	-0.939	-0.890	-0.886	-0.928	-0.923	-0.910	-0.825	-0.820	-0.871	-0.925	-0.866	-0.791	
rs12950240     -0.588	-0.706	-0.753	-0.823	-0.855	-0.881	-0.853	-0.951	-0.917	-0.924	-0.925	-0.201	-0.856	-0.856	-0.007	+0.016	-0.865	-0.860	-0.862	-0.861	-0.858	-0.853	-0.853	-0.030	-0.854	-0.545	-0.701	-0.851	-0.996	-0.856	-0.955	-0.967	-0.966	-0.988	-0.828	-0.841	-0.726	-0.597	-0.732	-0.727	-0.728	-0.724	-0.725	-0.828	-0.803	-0.836	-0.851	-0.851	-0.932	-0.932	-0.902	-0.902	-0.902	-0.902	-0.902	-0.901	-0.905	-0.935	-0.937	-0.891	-0.850	-0.826	-0.895	-0.859	-0.833	-0.894	-0.930	-0.936	-0.882	-0.879	-0.921	-0.916	-0.903	-0.819	-0.814	-0.872	-0.924	-0.858	-0.789	
rs66725276     -0.588	-0.707	-0.753	-0.824	-0.855	-0.882	-0.853	-0.952	-0.918	-0.924	-0.925	-0.201	-0.856	-0.856	-0.007	+0.016	-0.866	-0.860	-0.862	-0.862	-0.859	-0.853	-0.853	-0.030	-0.854	-0.545	-0.701	-0.851	-0.997	-0.856	-0.955	-0.967	-0.966	-0.989	-0.831	-0.843	-0.732	-0.732	-0.597	-0.728	-0.733	-0.725	-0.726	-0.830	-0.806	-0.838	-0.852	-0.852	-0.932	-0.932	-0.902	-0.902	-0.902	-0.902	-0.902	-0.901	-0.905	-0.936	-0.938	-0.890	-0.849	-0.825	-0.894	-0.858	-0.832	-0.895	-0.930	-0.936	-0.883	-0.880	-0.921	-0.916	-0.903	-0.819	-0.814	-0.871	-0.924	-0.859	-0.789	
rs9909234      -0.586	-0.704	-0.751	-0.821	-0.852	-0.879	-0.850	-0.949	-0.915	-0.921	-0.923	-0.200	-0.853	-0.853	-0.006	+0.016	-0.863	-0.857	-0.859	-0.859	-0.856	-0.850	-0.850	-0.029	-0.851	-0.544	-0.700	-0.849	-0.994	-0.854	-0.953	-0.965	-0.964	-0.986	-0.823	-0.837	-0.718	-0.727	-0.728	-0.594	-0.718	-0.725	-0.725	-0.822	-0.795	-0.831	-0.845	-0.845	-0.928	-0.928	-0.901	-0.901	-0.901	-0.901	-0.901	-0.900	-0.903	-0.933	-0.934	-0.891	-0.851	-0.827	-0.894	-0.859	-0.834	-0.892	-0.929	-0.935	-0.880	-0.877	-0.918	-0.914	-0.900	-0.816	-0.811	-0.872	-0.924	-0.856	-0.788	
rs34198944     -0.594	-0.712	-0.759	-0.830	-0.861	-0.888	-0.859	-0.958	-0.924	-0.930	-0.932	-0.205	-0.863	-0.863	-0.010	+0.016	-0.873	-0.867	-0.869	-0.869	-0.866	-0.860	-0.860	-0.033	-0.861	-0.547	-0.704	-0.854	-1.002	-0.860	-0.960	-0.973	-0.972	-0.994	-0.848	-0.854	-0.748	-0.728	-0.733	-0.718	-0.604	-0.708	-0.713	-0.843	-0.826	-0.851	-0.865	-0.865	-0.940	-0.940	-0.902	-0.902	-0.902	-0.902	-0.902	-0.901	-0.905	-0.940	-0.944	-0.887	-0.843	-0.817	-0.891	-0.852	-0.826	-0.901	-0.931	-0.937	-0.889	-0.886	-0.928	-0.923	-0.909	-0.825	-0.820	-0.869	-0.924	-0.865	-0.790	
rs9915396      -0.584	-0.702	-0.748	-0.819	-0.850	-0.877	-0.848	-0.946	-0.913	-0.919	-0.920	-0.198	-0.851	-0.851	-0.004	+0.016	-0.860	-0.855	-0.856	-0.856	-0.853	-0.847	-0.847	-0.027	-0.848	-0.543	-0.699	-0.847	-0.992	-0.852	-0.950	-0.963	-0.962	-0.984	-0.816	-0.832	-0.708	-0.724	-0.725	-0.725	-0.708	-0.591	-0.725	-0.816	-0.786	-0.825	-0.840	-0.840	-0.925	-0.925	-0.900	-0.900	-0.900	-0.900	-0.900	-0.899	-0.902	-0.930	-0.932	-0.891	-0.852	-0.828	-0.894	-0.860	-0.836	-0.889	-0.928	-0.934	-0.878	-0.875	-0.916	-0.911	-0.898	-0.814	-0.809	-0.872	-0.923	-0.853	-0.787	
rs12941045     -0.585	-0.703	-0.749	-0.820	-0.851	-0.878	-0.849	-0.948	-0.914	-0.920	-0.921	-0.199	-0.852	-0.852	-0.005	+0.016	-0.862	-0.856	-0.858	-0.857	-0.854	-0.849	-0.849	-0.028	-0.850	-0.544	-0.699	-0.848	-0.993	-0.853	-0.951	-0.964	-0.963	-0.985	-0.820	-0.835	-0.713	-0.725	-0.726	-0.725	-0.713	-0.725	-0.592	-0.819	-0.790	-0.828	-0.842	-0.842	-0.926	-0.926	-0.900	-0.900	-0.900	-0.900	-0.900	-0.899	-0.902	-0.931	-0.933	-0.890	-0.851	-0.827	-0.894	-0.859	-0.834	-0.890	-0.928	-0.934	-0.879	-0.876	-0.917	-0.912	-0.899	-0.815	-0.810	-0.871	-0.923	-0.854	-0.787	
rs56193537     -0.607	-0.725	-0.772	-0.844	-0.876	-0.902	-0.874	-0.973	-0.939	-0.945	-0.946	-0.214	-0.879	-0.879	-0.017	+0.017	-0.889	-0.883	-0.885	-0.885	-0.882	-0.876	-0.876	-0.041	-0.877	-0.552	-0.711	-0.864	-1.015	-0.871	-0.972	-0.985	-0.984	-1.007	-0.786	-0.779	-0.846	-0.828	-0.830	-0.822	-0.843	-0.816	-0.819	-0.621	-0.749	-0.783	-0.818	-0.818	-0.939	-0.939	-0.923	-0.923	-0.923	-0.923	-0.922	-0.920	-0.925	-0.932	-0.939	-0.859	-0.813	-0.782	-0.868	-0.824	-0.792	-0.912	-0.920	-0.928	-0.900	-0.896	-0.941	-0.936	-0.923	-0.838	-0.832	-0.860	-0.920	-0.881	-0.793	
rs35611930     -0.607	-0.726	-0.773	-0.846	-0.878	-0.903	-0.875	-0.975	-0.941	-0.947	-0.949	-0.209	-0.883	-0.883	-0.011	+0.030	-0.892	-0.886	-0.888	-0.888	-0.885	-0.879	-0.879	-0.036	-0.881	-0.545	-0.705	-0.861	-1.016	-0.869	-0.973	-0.985	-0.984	-1.008	-0.792	-0.759	-0.829	-0.803	-0.806	-0.795	-0.826	-0.786	-0.790	-0.749	-0.625	-0.748	-0.808	-0.808	-0.939	-0.939	-0.910	-0.910	-0.910	-0.910	-0.909	-0.906	-0.913	-0.924	-0.935	-0.836	-0.786	-0.752	-0.846	-0.799	-0.763	-0.914	-0.908	-0.917	-0.900	-0.897	-0.943	-0.938	-0.924	-0.837	-0.832	-0.844	-0.908	-0.883	-0.786	
rs9909718      -0.605	-0.724	-0.771	-0.843	-0.875	-0.901	-0.873	-0.972	-0.938	-0.944	-0.945	-0.212	-0.878	-0.878	-0.016	+0.019	-0.888	-0.882	-0.884	-0.884	-0.881	-0.875	-0.875	-0.040	-0.876	-0.551	-0.709	-0.862	-1.014	-0.870	-0.971	-0.984	-0.983	-1.006	-0.805	-0.798	-0.853	-0.836	-0.838	-0.831	-0.851	-0.825	-0.828	-0.783	-0.748	-0.620	-0.806	-0.806	-0.940	-0.940	-0.923	-0.923	-0.923	-0.923	-0.923	-0.920	-0.925	-0.932	-0.940	-0.859	-0.813	-0.781	-0.868	-0.824	-0.791	-0.911	-0.919	-0.927	-0.899	-0.896	-0.940	-0.935	-0.922	-0.837	-0.831	-0.859	-0.919	-0.880	-0.792	
rs9903130      -0.596	-0.715	-0.761	-0.833	-0.865	-0.891	-0.863	-0.963	-0.928	-0.935	-0.936	-0.202	-0.869	-0.869	-0.005	+0.030	-0.879	-0.873	-0.875	-0.875	-0.872	-0.866	-0.866	-0.029	-0.867	-0.539	-0.698	-0.853	-1.005	-0.859	-0.962	-0.975	-0.974	-0.997	-0.832	-0.823	-0.867	-0.851	-0.852	-0.845	-0.865	-0.840	-0.842	-0.818	-0.808	-0.806	-0.611	-0.744	-0.945	-0.945	-0.926	-0.926	-0.925	-0.925	-0.925	-0.923	-0.928	-0.935	-0.943	-0.863	-0.814	-0.783	-0.870	-0.824	-0.793	-0.901	-0.915	-0.923	-0.889	-0.885	-0.930	-0.926	-0.912	-0.826	-0.821	-0.852	-0.911	-0.871	-0.783	
rs9903949      -0.596	-0.715	-0.761	-0.833	-0.865	-0.891	-0.863	-0.963	-0.928	-0.935	-0.936	-0.202	-0.869	-0.869	-0.005	+0.030	-0.879	-0.873	-0.875	-0.875	-0.872	-0.866	-0.866	-0.029	-0.867	-0.539	-0.698	-0.853	-1.005	-0.859	-0.962	-0.975	-0.974	-0.997	-0.832	-0.823	-0.867	-0.851	-0.852	-0.845	-0.865	-0.840	-0.842	-0.818	-0.808	-0.806	-0.744	-0.611	-0.945	-0.945	-0.926	-0.926	-0.925	-0.925	-0.925	-0.923	-0.927	-0.935	-0.943	-0.863	-0.814	-0.783	-0.870	-0.824	-0.793	-0.901	-0.915	-0.923	-0.889	-0.885	-0.930	-0.926	-0.912	-0.826	-0.821	-0.852	-0.911	-0.871	-0.783	
rs9909847      -0.592	-0.710	-0.757	-0.829	-0.860	-0.887	-0.858	-0.958	-0.923	-0.930	-0.931	-0.197	-0.862	-0.862	-0.003	+0.022	-0.871	-0.867	-0.869	-0.868	-0.864	-0.858	-0.858	-0.025	-0.860	-0.539	-0.697	-0.844	-1.000	-0.856	-0.958	-0.970	-0.969	-0.992	-0.943	-0.940	-0.942	-0.932	-0.932	-0.928	-0.940	-0.925	-0.926	-0.939	-0.939	-0.940	-0.945	-0.945	-0.605	-0.738	-0.768	-0.768	-0.768	-0.768	-0.767	-0.762	-0.772	-0.718	-0.751	-0.684	-0.674	-0.627	-0.721	-0.691	-0.644	-0.881	-0.832	-0.846	-0.870	-0.866	-0.916	-0.911	-0.897	-0.812	-0.806	-0.788	-0.858	-0.860	-0.753	
rs9910863      -0.592	-0.710	-0.757	-0.829	-0.860	-0.887	-0.858	-0.958	-0.923	-0.930	-0.931	-0.197	-0.861	-0.862	-0.003	+0.022	-0.871	-0.867	-0.868	-0.868	-0.864	-0.858	-0.858	-0.025	-0.860	-0.539	-0.697	-0.844	-1.000	-0.856	-0.958	-0.970	-0.969	-0.992	-0.943	-0.940	-0.942	-0.932	-0.932	-0.928	-0.940	-0.925	-0.926	-0.939	-0.939	-0.940	-0.945	-0.945	-0.738	-0.605	-0.768	-0.768	-0.768	-0.768	-0.767	-0.762	-0.772	-0.718	-0.751	-0.684	-0.674	-0.627	-0.722	-0.691	-0.644	-0.881	-0.832	-0.846	-0.870	-0.866	-0.916	-0.911	-0.897	-0.812	-0.806	-0.789	-0.858	-0.860	-0.753	
rs11077689     -0.566	-0.680	-0.727	-0.798	-0.829	-0.857	-0.828	-0.926	-0.892	-0.898	-0.900	-0.164	-0.829	-0.829	+0.015	+0.042	-0.839	-0.836	-0.838	-0.837	-0.830	-0.824	-0.824	+0.008	-0.827	-0.525	-0.680	-0.831	-0.973	-0.833	-0.931	-0.944	-0.943	-0.965	-0.922	-0.928	-0.905	-0.902	-0.902	-0.901	-0.902	-0.900	-0.900	-0.923	-0.910	-0.923	-0.926	-0.926	-0.768	-0.768	-0.571	-0.701	-0.701	-0.701	-0.702	-0.704	-0.710	-0.795	-0.781	-0.800	-0.773	-0.743	-0.811	-0.784	-0.753	-0.862	-0.863	-0.873	-0.854	-0.852	-0.894	-0.890	-0.878	-0.799	-0.794	-0.822	-0.877	-0.837	-0.762	
rs11077690     -0.566	-0.680	-0.727	-0.798	-0.829	-0.856	-0.828	-0.926	-0.892	-0.898	-0.900	-0.164	-0.829	-0.829	+0.015	+0.042	-0.838	-0.836	-0.838	-0.837	-0.830	-0.824	-0.824	+0.008	-0.827	-0.525	-0.680	-0.831	-0.973	-0.833	-0.931	-0.944	-0.943	-0.965	-0.922	-0.928	-0.905	-0.902	-0.902	-0.901	-0.902	-0.900	-0.900	-0.923	-0.910	-0.923	-0.926	-0.926	-0.768	-0.768	-0.701	-0.571	-0.701	-0.701	-0.702	-0.704	-0.710	-0.794	-0.781	-0.800	-0.773	-0.743	-0.811	-0.784	-0.753	-0.862	-0.863	-0.873	-0.854	-0.852	-0.894	-0.890	-0.878	-0.799	-0.794	-0.822	-0.877	-0.837	-0.762	
rs11077691     -0.566	-0.680	-0.727	-0.798	-0.829	-0.856	-0.828	-0.926	-0.892	-0.898	-0.900	-0.163	-0.828	-0.828	+0.015	+0.042	-0.838	-0.836	-0.838	-0.836	-0.830	-0.824	-0.823	+0.008	-0.827	-0.525	-0.680	-0.831	-0.973	-0.833	-0.931	-0.944	-0.943	-0.965	-0.922	-0.927	-0.905	-0.902	-0.902	-0.901	-0.902	-0.900	-0.900	-0.923	-0.910	-0.923	-0.925	-0.925	-0.768	-0.768	-0.701	-0.701	-0.571	-0.701	-0.701	-0.704	-0.709	-0.794	-0.781	-0.800	-0.774	-0.744	-0.811	-0.784	-0.753	-0.862	-0.863	-0.873	-0.854	-0.851	-0.894	-0.890	-0.878	-0.799	-0.794	-0.822	-0.877	-0.837	-0.762	
rs11077692     -0.566	-0.680	-0.727	-0.798	-0.829	-0.856	-0.827	-0.926	-0.892	-0.898	-0.900	-0.163	-0.828	-0.828	+0.015	+0.042	-0.838	-0.836	-0.838	-0.836	-0.830	-0.824	-0.823	+0.008	-0.827	-0.525	-0.680	-0.831	-0.973	-0.833	-0.931	-0.944	-0.943	-0.965	-0.921	-0.927	-0.905	-0.902	-0.902	-0.901	-0.902	-0.900	-0.900	-0.923	-0.910	-0.923	-0.925	-0.925	-0.768	-0.768	-0.701	-0.701	-0.701	-0.571	-0.701	-0.704	-0.709	-0.794	-0.781	-0.800	-0.774	-0.744	-0.811	-0.784	-0.753	-0.862	-0.863	-0.873	-0.854	-0.851	-0.894	-0.890	-0.878	-0.799	-0.794	-0.822	-0.877	-0.837	-0.762	
rs11870402     -0.565	-0.680	-0.726	-0.797	-0.828	-0.856	-0.827	-0.925	-0.891	-0.897	-0.899	-0.163	-0.828	-0.828	+0.016	+0.043	-0.838	-0.835	-0.837	-0.836	-0.829	-0.823	-0.823	+0.009	-0.827	-0.524	-0.679	-0.831	-0.972	-0.832	-0.931	-0.943	-0.942	-0.964	-0.921	-0.927	-0.905	-0.902	-0.902	-0.901	-0.902	-0.900	-0.900	-0.922	-0.909	-0.923	-0.925	-0.925	-0.767	-0.767	-0.702	-0.702	-0.701	-0.701	-0.570	-0.703	-0.707	-0.793	-0.779	-0.800	-0.774	-0.744	-0.811	-0.784	-0.754	-0.862	-0.863	-0.872	-0.854	-0.851	-0.893	-0.889	-0.877	-0.798	-0.793	-0.822	-0.877	-0.836	-0.762	
rs11867799     -0.563	-0.677	-0.724	-0.795	-0.826	-0.853	-0.824	-0.923	-0.889	-0.895	-0.896	-0.160	-0.825	-0.825	+0.018	+0.045	-0.835	-0.833	-0.834	-0.833	-0.827	-0.821	-0.820	+0.012	-0.824	-0.523	-0.678	-0.830	-0.970	-0.830	-0.928	-0.941	-0.940	-0.962	-0.919	-0.925	-0.903	-0.901	-0.901	-0.900	-0.901	-0.899	-0.899	-0.920	-0.906	-0.920	-0.923	-0.923	-0.762	-0.762	-0.704	-0.704	-0.704	-0.704	-0.703	-0.567	-0.701	-0.787	-0.772	-0.800	-0.775	-0.746	-0.811	-0.785	-0.755	-0.859	-0.861	-0.871	-0.851	-0.849	-0.891	-0.887	-0.875	-0.796	-0.792	-0.823	-0.876	-0.834	-0.762	
rs12103894     -0.566	-0.681	-0.727	-0.798	-0.829	-0.857	-0.828	-0.926	-0.892	-0.898	-0.900	-0.163	-0.829	-0.829	+0.015	+0.042	-0.839	-0.837	-0.838	-0.837	-0.831	-0.825	-0.824	+0.008	-0.828	-0.525	-0.680	-0.832	-0.973	-0.833	-0.932	-0.944	-0.943	-0.965	-0.924	-0.930	-0.908	-0.905	-0.905	-0.903	-0.905	-0.902	-0.902	-0.925	-0.913	-0.925	-0.928	-0.927	-0.772	-0.772	-0.710	-0.710	-0.709	-0.709	-0.707	-0.701	-0.571	-0.794	-0.780	-0.799	-0.772	-0.742	-0.810	-0.783	-0.751	-0.863	-0.863	-0.872	-0.854	-0.852	-0.894	-0.890	-0.878	-0.799	-0.794	-0.822	-0.877	-0.837	-0.762	
rs12103858     -0.585	-0.701	-0.748	-0.819	-0.850	-0.877	-0.849	-0.947	-0.913	-0.920	-0.921	-0.186	-0.850	-0.851	-0.001	+0.026	-0.860	-0.857	-0.859	-0.858	-0.852	-0.847	-0.846	-0.015	-0.849	-0.538	-0.695	-0.844	-0.992	-0.850	-0.950	-0.963	-0.962	-0.984	-0.934	-0.936	-0.942	-0.935	-0.936	-0.933	-0.940	-0.930	-0.931	-0.932	-0.924	-0.932	-0.935	-0.935	-0.718	-0.718	-0.795	-0.794	-0.794	-0.794	-0.793	-0.787	-0.794	-0.594	-0.735	-0.733	-0.717	-0.678	-0.758	-0.732	-0.692	-0.873	-0.844	-0.857	-0.864	-0.861	-0.909	-0.904	-0.892	-0.810	-0.805	-0.809	-0.871	-0.854	-0.762	
rs56373157     -0.589	-0.706	-0.753	-0.825	-0.856	-0.883	-0.854	-0.953	-0.919	-0.925	-0.927	-0.193	-0.857	-0.857	-0.003	+0.023	-0.867	-0.863	-0.864	-0.864	-0.859	-0.853	-0.853	-0.021	-0.855	-0.539	-0.697	-0.844	-0.997	-0.854	-0.955	-0.967	-0.966	-0.989	-0.941	-0.940	-0.946	-0.937	-0.938	-0.934	-0.944	-0.932	-0.933	-0.939	-0.935	-0.940	-0.943	-0.943	-0.751	-0.751	-0.781	-0.781	-0.781	-0.781	-0.779	-0.772	-0.780	-0.735	-0.600	-0.708	-0.692	-0.647	-0.740	-0.708	-0.663	-0.878	-0.838	-0.852	-0.868	-0.865	-0.913	-0.908	-0.895	-0.812	-0.806	-0.798	-0.864	-0.858	-0.757	
rs2279967      -0.521	-0.633	-0.680	-0.751	-0.782	-0.810	-0.781	-0.880	-0.845	-0.852	-0.853	-0.119	-0.783	-0.783	+0.053	+0.080	-0.793	-0.792	-0.793	-0.792	-0.784	-0.778	-0.778	+0.051	-0.782	-0.490	-0.644	-0.801	-0.933	-0.793	-0.892	-0.904	-0.903	-0.925	-0.858	-0.872	-0.890	-0.891	-0.890	-0.891	-0.887	-0.891	-0.890	-0.859	-0.836	-0.859	-0.863	-0.863	-0.684	-0.684	-0.800	-0.800	-0.800	-0.800	-0.800	-0.800	-0.799	-0.733	-0.708	-0.523	-0.710	-0.679	-0.690	-0.721	-0.691	-0.803	-0.768	-0.784	-0.802	-0.800	-0.845	-0.842	-0.832	-0.763	-0.758	-0.789	-0.836	-0.795	-0.742	
rs11650869     -0.461	-0.570	-0.617	-0.688	-0.719	-0.747	-0.717	-0.816	-0.782	-0.788	-0.790	-0.038	-0.720	-0.720	+0.126	+0.155	-0.730	-0.730	-0.732	-0.730	-0.721	-0.715	-0.714	+0.136	-0.720	-0.435	-0.589	-0.759	-0.878	-0.732	-0.839	-0.851	-0.850	-0.870	-0.809	-0.826	-0.845	-0.850	-0.849	-0.851	-0.843	-0.852	-0.851	-0.813	-0.786	-0.813	-0.814	-0.814	-0.674	-0.674	-0.773	-0.773	-0.774	-0.774	-0.774	-0.775	-0.772	-0.717	-0.692	-0.710	-0.457	-0.566	-0.699	-0.587	-0.579	-0.741	-0.731	-0.744	-0.746	-0.745	-0.774	-0.773	-0.767	-0.716	-0.712	-0.744	-0.774	-0.734	-0.717	
rs9902987      -0.440	-0.549	-0.596	-0.666	-0.697	-0.725	-0.695	-0.794	-0.760	-0.766	-0.768	-0.015	-0.698	-0.698	+0.147	+0.176	-0.708	-0.708	-0.710	-0.708	-0.699	-0.693	-0.692	+0.159	-0.697	-0.416	-0.569	-0.741	-0.857	-0.711	-0.819	-0.830	-0.830	-0.850	-0.777	-0.797	-0.820	-0.826	-0.825	-0.827	-0.817	-0.828	-0.827	-0.782	-0.752	-0.781	-0.783	-0.783	-0.627	-0.627	-0.743	-0.743	-0.744	-0.744	-0.744	-0.746	-0.742	-0.678	-0.647	-0.679	-0.566	-0.434	-0.670	-0.564	-0.563	-0.718	-0.700	-0.714	-0.724	-0.723	-0.751	-0.750	-0.746	-0.698	-0.695	-0.730	-0.755	-0.713	-0.706	
rs9904344      -0.520	-0.632	-0.679	-0.750	-0.781	-0.808	-0.779	-0.878	-0.844	-0.850	-0.852	-0.117	-0.782	-0.782	+0.056	+0.083	-0.792	-0.790	-0.792	-0.790	-0.783	-0.777	-0.776	+0.054	-0.781	-0.488	-0.642	-0.799	-0.931	-0.791	-0.890	-0.902	-0.901	-0.923	-0.867	-0.879	-0.894	-0.895	-0.894	-0.894	-0.891	-0.894	-0.894	-0.868	-0.846	-0.868	-0.870	-0.870	-0.721	-0.722	-0.811	-0.811	-0.811	-0.811	-0.811	-0.811	-0.810	-0.758	-0.740	-0.690	-0.699	-0.670	-0.521	-0.708	-0.678	-0.801	-0.753	-0.770	-0.800	-0.798	-0.843	-0.840	-0.830	-0.761	-0.756	-0.780	-0.828	-0.793	-0.739	
rs11655894     -0.468	-0.578	-0.625	-0.695	-0.726	-0.754	-0.725	-0.824	-0.789	-0.795	-0.797	-0.046	-0.728	-0.728	+0.119	+0.148	-0.738	-0.738	-0.739	-0.737	-0.729	-0.723	-0.722	+0.127	-0.727	-0.442	-0.595	-0.764	-0.885	-0.739	-0.846	-0.858	-0.857	-0.877	-0.820	-0.837	-0.855	-0.859	-0.858	-0.859	-0.852	-0.860	-0.859	-0.824	-0.799	-0.824	-0.824	-0.824	-0.691	-0.691	-0.784	-0.784	-0.784	-0.784	-0.784	-0.785	-0.783	-0.732	-0.708	-0.721	-0.587	-0.564	-0.708	-0.465	-0.573	-0.749	-0.740	-0.753	-0.753	-0.752	-0.782	-0.780	-0.774	-0.722	-0.718	-0.747	-0.779	-0.741	-0.721	
rs9905301      -0.446	-0.555	-0.602	-0.672	-0.703	-0.731	-0.701	-0.800	-0.766	-0.772	-0.774	-0.021	-0.704	-0.704	+0.141	+0.171	-0.714	-0.714	-0.716	-0.714	-0.705	-0.699	-0.698	+0.153	-0.703	-0.421	-0.574	-0.746	-0.863	-0.717	-0.824	-0.836	-0.835	-0.855	-0.787	-0.806	-0.828	-0.833	-0.832	-0.834	-0.826	-0.836	-0.834	-0.792	-0.763	-0.791	-0.793	-0.793	-0.644	-0.644	-0.753	-0.753	-0.753	-0.753	-0.754	-0.755	-0.751	-0.692	-0.663	-0.691	-0.579	-0.563	-0.678	-0.573	-0.440	-0.724	-0.708	-0.721	-0.730	-0.729	-0.757	-0.756	-0.751	-0.703	-0.700	-0.733	-0.759	-0.719	-0.709	
rs28635207     -0.435	-0.552	-0.599	-0.672	-0.705	-0.731	-0.703	-0.803	-0.768	-0.775	-0.776	-0.036	-0.706	-0.706	+0.151	+0.193	-0.716	-0.712	-0.714	-0.713	-0.708	-0.702	-0.701	+0.136	-0.704	-0.389	-0.547	-0.699	-0.841	-0.705	-0.796	-0.809	-0.808	-0.832	-0.911	-0.907	-0.902	-0.894	-0.895	-0.892	-0.901	-0.889	-0.890	-0.912	-0.914	-0.911	-0.901	-0.901	-0.881	-0.881	-0.862	-0.862	-0.862	-0.862	-0.862	-0.859	-0.863	-0.873	-0.878	-0.803	-0.741	-0.718	-0.801	-0.749	-0.724	-0.440	-0.808	-0.808	-0.574	-0.568	-0.682	-0.677	-0.661	-0.564	-0.556	-0.728	-0.782	-0.668	-0.635	
rs55703741     -0.530	-0.643	-0.690	-0.762	-0.793	-0.820	-0.791	-0.891	-0.856	-0.863	-0.864	-0.125	-0.796	-0.796	+0.052	+0.077	-0.805	-0.803	-0.805	-0.804	-0.797	-0.792	-0.791	+0.046	-0.794	-0.493	-0.648	-0.803	-0.940	-0.800	-0.899	-0.911	-0.911	-0.933	-0.919	-0.926	-0.933	-0.930	-0.930	-0.929	-0.931	-0.928	-0.928	-0.920	-0.908	-0.919	-0.915	-0.915	-0.832	-0.832	-0.863	-0.863	-0.863	-0.863	-0.863	-0.861	-0.863	-0.844	-0.838	-0.768	-0.731	-0.700	-0.753	-0.740	-0.708	-0.808	-0.535	-0.692	-0.804	-0.802	-0.849	-0.846	-0.836	-0.764	-0.759	-0.736	-0.796	-0.802	-0.732	
rs8075325      -0.530	-0.643	-0.690	-0.762	-0.793	-0.820	-0.791	-0.891	-0.857	-0.863	-0.865	-0.124	-0.796	-0.796	+0.053	+0.078	-0.806	-0.804	-0.805	-0.804	-0.798	-0.792	-0.791	+0.048	-0.795	-0.493	-0.648	-0.803	-0.941	-0.800	-0.899	-0.912	-0.911	-0.933	-0.927	-0.933	-0.939	-0.936	-0.936	-0.935	-0.937	-0.934	-0.934	-0.928	-0.917	-0.927	-0.923	-0.923	-0.846	-0.846	-0.873	-0.873	-0.873	-0.873	-0.872	-0.871	-0.872	-0.857	-0.852	-0.784	-0.744	-0.714	-0.770	-0.753	-0.721	-0.808	-0.692	-0.536	-0.803	-0.801	-0.849	-0.846	-0.836	-0.764	-0.759	-0.729	-0.791	-0.802	-0.731	
rs9915026      -0.422	-0.536	-0.583	-0.657	-0.689	-0.716	-0.687	-0.788	-0.753	-0.760	-0.761	-0.021	-0.691	-0.691	+0.155	+0.212	-0.701	-0.700	-0.701	-0.700	-0.693	-0.687	-0.686	+0.151	-0.690	-0.382	-0.539	-0.691	-0.825	-0.695	-0.780	-0.793	-0.792	-0.816	-0.899	-0.896	-0.890	-0.882	-0.883	-0.880	-0.889	-0.878	-0.879	-0.900	-0.900	-0.899	-0.889	-0.889	-0.870	-0.870	-0.854	-0.854	-0.854	-0.854	-0.854	-0.851	-0.854	-0.864	-0.868	-0.802	-0.746	-0.724	-0.800	-0.753	-0.730	-0.574	-0.804	-0.803	-0.425	-0.538	-0.664	-0.661	-0.650	-0.578	-0.572	-0.732	-0.783	-0.662	-0.632	
