## Summary of overall evidence for association with region:
## log10(BF for region) = -0.425965
## p-value for region = NA

## BFs for choosing among multi-SNP models:
## log10(average 1-SNP BF) = -0.357757
## log10(average 2-SNP BF) = -0.6065

## Example posterior probabilities for multi-SNP models, based on default prior: [p(l) propto 0.5^l for l=1,2,...,L]
## posterior probability of 1-SNP = 0.78004
## posterior probability of 2-SNP = 0.21996

## log10(BF) for single SNP and pair of SNPs:
rs9493695      -0.586	-0.728	-0.738	-0.725	-0.731	-0.732	-0.733	-0.723	-0.789	-0.728	-0.678	-0.737	-0.733	-0.669	-0.646	-0.677	-0.673	-0.665	-0.691	-0.643	-0.683	-0.680	-0.694	-0.675	-0.675	-0.742	-0.670	-0.692	-0.647	-0.659	-0.659	-0.660	-0.681	-0.669	-0.714	-0.727	-0.683	-0.758	-0.751	-0.696	-0.777	-0.733	-0.781	-0.795	-0.677	-0.651	-0.639	-0.692	-0.696	-0.632	-0.491	-0.873	-0.463	-0.938	-0.812	-0.938	-0.947	-0.758	-0.791	-0.938	-0.804	-0.804	-1.054	-0.770	-0.831	-1.072	-0.852	-0.940	-1.072	-0.852	-1.072	-0.856	-0.950	-0.860	-0.934	-0.906	-0.913	-0.862	-0.964	-0.926	-0.878	-0.977	-0.969	-0.970	-0.869	-0.972	-1.006	-0.760	-0.869	-0.704	-0.743	-0.742	-0.875	-1.014	-0.877	-0.787	-0.926	-0.771	-0.889	-0.881	-0.755	-0.784	-0.949	-0.918	-0.918	-0.884	-0.883	-0.760	-0.789	-0.886	-0.887	-0.948	-0.446	-0.744	-0.912	-0.890	-0.465	-0.687	-0.958	-0.705	-0.279	-0.952	-0.867	-1.024	-0.503	-0.906	-0.522	-0.889	-0.871	-0.892	-0.464	-0.462	-0.860	-0.378	-1.023	-0.456	-0.873	-0.633	-0.667	-1.074	-0.642	-0.877	-1.073	-1.073	-1.072	-1.061	-0.567	-1.043	-0.755	-0.568	-1.060	-0.755	-1.062	-0.598	-0.755	-1.065	-0.691	-0.691	-1.062	-0.523	-0.488	-1.062	-0.497	-0.497	-0.522	-0.643	-0.692	-0.522	-1.063	-0.842	-0.655	-1.059	-1.063	-0.505	-1.060	-0.504	-0.631	-0.491	-0.497	-0.487	
rs1468054      -0.728	-0.589	-0.734	-0.724	-0.725	-0.725	-0.730	-0.709	-0.787	-0.725	-0.648	-0.733	-0.729	-0.664	-0.641	-0.672	-0.669	-0.657	-0.686	-0.605	-0.678	-0.673	-0.673	-0.670	-0.670	-0.739	-0.665	-0.686	-0.639	-0.654	-0.654	-0.654	-0.676	-0.664	-0.709	-0.720	-0.660	-0.755	-0.746	-0.691	-0.779	-0.729	-0.784	-0.791	-0.655	-0.646	-0.620	-0.678	-0.683	-0.627	-0.468	-0.871	-0.458	-0.939	-0.814	-0.939	-0.949	-0.761	-0.793	-0.940	-0.805	-0.805	-1.057	-0.772	-0.834	-1.075	-0.854	-0.942	-1.075	-0.854	-1.075	-0.858	-0.952	-0.862	-0.936	-0.908	-0.915	-0.864	-0.966	-0.928	-0.880	-0.979	-0.971	-0.972	-0.871	-0.974	-1.008	-0.760	-0.870	-0.705	-0.744	-0.742	-0.876	-1.017	-0.878	-0.788	-0.928	-0.772	-0.891	-0.882	-0.756	-0.785	-0.950	-0.919	-0.920	-0.885	-0.885	-0.761	-0.790	-0.887	-0.889	-0.949	-0.444	-0.745	-0.914	-0.892	-0.462	-0.688	-0.961	-0.705	-0.276	-0.955	-0.869	-1.026	-0.504	-0.908	-0.523	-0.891	-0.873	-0.894	-0.465	-0.463	-0.862	-0.378	-1.026	-0.457	-0.876	-0.634	-0.668	-1.077	-0.643	-0.879	-1.076	-1.076	-1.075	-1.064	-0.568	-1.045	-0.757	-0.570	-1.063	-0.757	-1.065	-0.600	-0.757	-1.068	-0.693	-0.693	-1.065	-0.524	-0.489	-1.065	-0.498	-0.498	-0.523	-0.645	-0.694	-0.523	-1.065	-0.844	-0.657	-1.062	-1.066	-0.506	-1.063	-0.505	-0.633	-0.492	-0.498	-0.488	
rs9493698      -0.738	-0.734	-0.592	-0.722	-0.737	-0.736	-0.744	-0.718	-0.786	-0.726	-0.652	-0.730	-0.726	-0.661	-0.637	-0.668	-0.665	-0.654	-0.683	-0.611	-0.674	-0.671	-0.676	-0.666	-0.666	-0.737	-0.661	-0.684	-0.637	-0.650	-0.650	-0.650	-0.672	-0.660	-0.706	-0.722	-0.662	-0.759	-0.749	-0.688	-0.782	-0.727	-0.787	-0.791	-0.653	-0.642	-0.614	-0.674	-0.678	-0.622	-0.458	-0.869	-0.449	-0.941	-0.815	-0.941	-0.950	-0.763	-0.794	-0.941	-0.807	-0.807	-1.060	-0.774	-0.835	-1.078	-0.855	-0.944	-1.077	-0.855	-1.077	-0.859	-0.953	-0.863	-0.938	-0.909	-0.917	-0.865	-0.968	-0.930	-0.882	-0.981	-0.973	-0.974	-0.872	-0.976	-1.010	-0.761	-0.871	-0.706	-0.745	-0.743	-0.878	-1.019	-0.879	-0.789	-0.929	-0.773	-0.892	-0.883	-0.757	-0.786	-0.951	-0.920	-0.921	-0.886	-0.886	-0.762	-0.791	-0.889	-0.890	-0.950	-0.442	-0.745	-0.915	-0.893	-0.460	-0.689	-0.962	-0.705	-0.275	-0.956	-0.871	-1.028	-0.504	-0.910	-0.523	-0.893	-0.875	-0.896	-0.466	-0.463	-0.863	-0.379	-1.028	-0.457	-0.877	-0.635	-0.669	-1.079	-0.644	-0.881	-1.078	-1.078	-1.077	-1.067	-0.569	-1.048	-0.759	-0.570	-1.066	-0.758	-1.067	-0.600	-0.758	-1.070	-0.694	-0.694	-1.067	-0.525	-0.490	-1.067	-0.499	-0.499	-0.524	-0.646	-0.695	-0.524	-1.068	-0.845	-0.658	-1.065	-1.068	-0.506	-1.065	-0.506	-0.634	-0.493	-0.498	-0.488	
rs6569897      -0.725	-0.724	-0.722	-0.595	-0.727	-0.724	-0.741	-0.686	-0.774	-0.700	-0.582	-0.714	-0.709	-0.640	-0.615	-0.649	-0.645	-0.609	-0.664	-0.519	-0.655	-0.630	-0.622	-0.646	-0.646	-0.722	-0.640	-0.646	-0.586	-0.629	-0.629	-0.629	-0.653	-0.640	-0.689	-0.692	-0.604	-0.745	-0.731	-0.670	-0.772	-0.711	-0.780	-0.778	-0.601	-0.622	-0.569	-0.639	-0.644	-0.602	-0.410	-0.863	-0.431	-0.942	-0.816	-0.942	-0.951	-0.765	-0.795	-0.942	-0.808	-0.808	-1.064	-0.776	-0.838	-1.082	-0.857	-0.945	-1.081	-0.856	-1.081	-0.861	-0.954	-0.865	-0.939	-0.910	-0.918	-0.866	-0.969	-0.931	-0.883	-0.983	-0.975	-0.975	-0.874	-0.978	-1.013	-0.760	-0.872	-0.705	-0.744	-0.742	-0.878	-1.023	-0.880	-0.788	-0.930	-0.772	-0.893	-0.884	-0.757	-0.785	-0.952	-0.921	-0.921	-0.887	-0.887	-0.761	-0.790	-0.889	-0.890	-0.951	-0.432	-0.745	-0.916	-0.894	-0.451	-0.688	-0.964	-0.703	-0.267	-0.958	-0.873	-1.031	-0.504	-0.912	-0.523	-0.895	-0.877	-0.898	-0.465	-0.462	-0.865	-0.378	-1.031	-0.456	-0.879	-0.636	-0.670	-1.083	-0.645	-0.883	-1.082	-1.082	-1.081	-1.070	-0.569	-1.051	-0.760	-0.570	-1.070	-0.759	-1.071	-0.600	-0.759	-1.074	-0.695	-0.695	-1.071	-0.524	-0.489	-1.071	-0.498	-0.498	-0.524	-0.647	-0.696	-0.524	-1.072	-0.847	-0.659	-1.068	-1.072	-0.506	-1.069	-0.506	-0.635	-0.493	-0.498	-0.488	
rs6569898      -0.731	-0.725	-0.737	-0.727	-0.590	-0.721	-0.726	-0.703	-0.786	-0.721	-0.625	-0.731	-0.726	-0.662	-0.638	-0.670	-0.666	-0.646	-0.684	-0.574	-0.676	-0.664	-0.657	-0.668	-0.668	-0.737	-0.662	-0.678	-0.628	-0.651	-0.652	-0.652	-0.674	-0.662	-0.707	-0.714	-0.644	-0.750	-0.741	-0.689	-0.776	-0.728	-0.781	-0.788	-0.642	-0.644	-0.610	-0.670	-0.675	-0.624	-0.458	-0.871	-0.455	-0.940	-0.814	-0.940	-0.949	-0.761	-0.793	-0.940	-0.806	-0.806	-1.058	-0.772	-0.834	-1.076	-0.854	-0.943	-1.075	-0.854	-1.076	-0.858	-0.952	-0.862	-0.937	-0.908	-0.916	-0.864	-0.967	-0.929	-0.881	-0.980	-0.972	-0.973	-0.871	-0.975	-1.009	-0.761	-0.870	-0.706	-0.744	-0.743	-0.877	-1.017	-0.879	-0.788	-0.928	-0.773	-0.891	-0.883	-0.757	-0.786	-0.951	-0.919	-0.920	-0.886	-0.885	-0.762	-0.790	-0.888	-0.889	-0.950	-0.443	-0.745	-0.914	-0.892	-0.462	-0.688	-0.961	-0.705	-0.276	-0.955	-0.870	-1.027	-0.504	-0.909	-0.523	-0.892	-0.873	-0.895	-0.465	-0.463	-0.862	-0.379	-1.026	-0.457	-0.876	-0.635	-0.668	-1.078	-0.644	-0.880	-1.077	-1.076	-1.075	-1.065	-0.568	-1.046	-0.758	-0.570	-1.064	-0.757	-1.065	-0.600	-0.757	-1.069	-0.693	-0.694	-1.065	-0.524	-0.490	-1.065	-0.499	-0.498	-0.524	-0.645	-0.694	-0.524	-1.066	-0.844	-0.657	-1.063	-1.066	-0.506	-1.063	-0.506	-0.633	-0.493	-0.498	-0.488	
rs736572       -0.732	-0.725	-0.736	-0.724	-0.721	-0.589	-0.724	-0.706	-0.787	-0.723	-0.631	-0.733	-0.729	-0.665	-0.641	-0.672	-0.669	-0.651	-0.687	-0.582	-0.678	-0.669	-0.662	-0.670	-0.670	-0.739	-0.665	-0.682	-0.633	-0.654	-0.654	-0.655	-0.676	-0.664	-0.709	-0.716	-0.649	-0.750	-0.741	-0.692	-0.776	-0.730	-0.781	-0.789	-0.647	-0.646	-0.615	-0.674	-0.679	-0.627	-0.464	-0.871	-0.458	-0.939	-0.814	-0.939	-0.948	-0.761	-0.793	-0.940	-0.805	-0.805	-1.057	-0.772	-0.833	-1.075	-0.854	-0.942	-1.074	-0.854	-1.075	-0.858	-0.952	-0.862	-0.936	-0.907	-0.915	-0.864	-0.966	-0.928	-0.880	-0.979	-0.971	-0.972	-0.871	-0.974	-1.008	-0.761	-0.870	-0.706	-0.744	-0.743	-0.876	-1.016	-0.878	-0.788	-0.928	-0.772	-0.891	-0.882	-0.757	-0.786	-0.950	-0.919	-0.920	-0.885	-0.885	-0.762	-0.790	-0.887	-0.889	-0.949	-0.445	-0.745	-0.914	-0.892	-0.463	-0.688	-0.960	-0.705	-0.277	-0.954	-0.869	-1.026	-0.504	-0.908	-0.523	-0.891	-0.873	-0.894	-0.465	-0.463	-0.862	-0.379	-1.026	-0.457	-0.875	-0.634	-0.668	-1.077	-0.643	-0.879	-1.076	-1.075	-1.074	-1.064	-0.568	-1.045	-0.757	-0.570	-1.063	-0.757	-1.064	-0.600	-0.756	-1.068	-0.693	-0.693	-1.064	-0.524	-0.490	-1.064	-0.498	-0.498	-0.524	-0.645	-0.693	-0.523	-1.065	-0.844	-0.657	-1.062	-1.066	-0.506	-1.062	-0.505	-0.633	-0.493	-0.498	-0.488	
rs6925029      -0.733	-0.730	-0.744	-0.741	-0.726	-0.724	-0.592	-0.694	-0.777	-0.708	-0.582	-0.718	-0.713	-0.646	-0.621	-0.654	-0.651	-0.620	-0.669	-0.516	-0.660	-0.641	-0.625	-0.652	-0.652	-0.726	-0.646	-0.656	-0.599	-0.635	-0.635	-0.635	-0.658	-0.646	-0.694	-0.698	-0.611	-0.744	-0.732	-0.675	-0.773	-0.715	-0.779	-0.782	-0.612	-0.628	-0.584	-0.651	-0.656	-0.608	-0.431	-0.866	-0.442	-0.940	-0.815	-0.940	-0.949	-0.763	-0.793	-0.940	-0.806	-0.806	-1.060	-0.774	-0.836	-1.078	-0.855	-0.943	-1.077	-0.855	-1.078	-0.859	-0.953	-0.863	-0.938	-0.909	-0.916	-0.865	-0.967	-0.930	-0.881	-0.980	-0.973	-0.973	-0.872	-0.976	-1.010	-0.760	-0.870	-0.705	-0.744	-0.742	-0.877	-1.019	-0.879	-0.788	-0.928	-0.772	-0.891	-0.883	-0.756	-0.785	-0.951	-0.919	-0.920	-0.886	-0.886	-0.761	-0.790	-0.888	-0.889	-0.950	-0.437	-0.744	-0.914	-0.892	-0.455	-0.687	-0.962	-0.704	-0.271	-0.956	-0.871	-1.028	-0.503	-0.909	-0.523	-0.892	-0.874	-0.896	-0.465	-0.462	-0.863	-0.378	-1.028	-0.456	-0.877	-0.635	-0.668	-1.080	-0.644	-0.881	-1.079	-1.078	-1.077	-1.067	-0.568	-1.048	-0.758	-0.570	-1.066	-0.758	-1.067	-0.600	-0.757	-1.071	-0.694	-0.694	-1.067	-0.524	-0.489	-1.067	-0.498	-0.498	-0.523	-0.646	-0.694	-0.523	-1.068	-0.845	-0.657	-1.065	-1.069	-0.505	-1.066	-0.505	-0.634	-0.492	-0.497	-0.488	
rs7767765      -0.723	-0.709	-0.718	-0.686	-0.703	-0.706	-0.694	-0.581	-0.795	-0.738	-0.678	-0.747	-0.743	-0.683	-0.661	-0.690	-0.687	-0.685	-0.704	-0.643	-0.696	-0.698	-0.694	-0.688	-0.688	-0.751	-0.683	-0.707	-0.670	-0.673	-0.673	-0.674	-0.694	-0.682	-0.724	-0.729	-0.686	-0.747	-0.743	-0.708	-0.773	-0.742	-0.774	-0.794	-0.683	-0.665	-0.653	-0.702	-0.705	-0.646	-0.512	-0.876	-0.476	-0.935	-0.809	-0.935	-0.944	-0.754	-0.789	-0.935	-0.801	-0.801	-1.048	-0.766	-0.827	-1.067	-0.849	-0.938	-1.066	-0.849	-1.067	-0.853	-0.947	-0.857	-0.931	-0.903	-0.910	-0.859	-0.961	-0.923	-0.876	-0.974	-0.966	-0.967	-0.866	-0.969	-1.001	-0.759	-0.867	-0.704	-0.742	-0.741	-0.873	-1.008	-0.875	-0.786	-0.924	-0.771	-0.887	-0.879	-0.754	-0.784	-0.946	-0.916	-0.916	-0.882	-0.881	-0.760	-0.788	-0.884	-0.885	-0.945	-0.455	-0.743	-0.909	-0.888	-0.473	-0.686	-0.955	-0.705	-0.285	-0.949	-0.864	-1.019	-0.502	-0.903	-0.521	-0.886	-0.868	-0.889	-0.464	-0.461	-0.856	-0.377	-1.019	-0.456	-0.870	-0.631	-0.665	-1.070	-0.640	-0.874	-1.068	-1.068	-1.067	-1.056	-0.565	-1.038	-0.753	-0.567	-1.055	-0.752	-1.056	-0.597	-0.752	-1.060	-0.689	-0.689	-1.056	-0.522	-0.487	-1.056	-0.496	-0.496	-0.521	-0.641	-0.689	-0.521	-1.057	-0.838	-0.653	-1.054	-1.058	-0.503	-1.055	-0.503	-0.629	-0.490	-0.496	-0.486	
rs6569899      -0.789	-0.787	-0.786	-0.774	-0.786	-0.787	-0.777	-0.795	-0.496	-0.807	-0.803	-0.575	-0.573	-0.529	-0.495	-0.541	-0.535	-0.803	-0.562	-0.802	-0.550	-0.805	-0.803	-0.538	-0.538	-0.627	-0.536	-0.806	-0.800	-0.520	-0.520	-0.520	-0.548	-0.532	-0.596	-0.802	-0.804	-0.798	-0.799	-0.573	-0.805	-0.619	-0.802	-0.826	-0.803	-0.555	-0.794	-0.806	-0.807	-0.535	-0.720	-0.856	-0.431	-0.867	-0.713	-0.867	-0.875	-0.670	-0.693	-0.867	-0.706	-0.705	-0.951	-0.681	-0.744	-0.975	-0.756	-0.870	-0.974	-0.755	-0.974	-0.760	-0.879	-0.764	-0.843	-0.812	-0.820	-0.766	-0.891	-0.834	-0.783	-0.903	-0.896	-0.897	-0.774	-0.899	-0.911	-0.700	-0.801	-0.620	-0.658	-0.683	-0.807	-0.917	-0.809	-0.726	-0.855	-0.711	-0.820	-0.812	-0.671	-0.723	-0.877	-0.848	-0.848	-0.815	-0.815	-0.701	-0.728	-0.817	-0.818	-0.876	-0.452	-0.661	-0.841	-0.821	-0.468	-0.616	-0.884	-0.647	-0.266	-0.879	-0.798	-0.936	-0.431	-0.835	-0.448	-0.819	-0.802	-0.822	-0.393	-0.391	-0.791	-0.308	-0.936	-0.384	-0.804	-0.554	-0.588	-0.989	-0.564	-0.808	-0.988	-0.990	-0.989	-0.980	-0.490	-0.949	-0.691	-0.492	-0.979	-0.690	-0.981	-0.521	-0.690	-0.984	-0.629	-0.629	-0.981	-0.447	-0.413	-0.980	-0.422	-0.421	-0.446	-0.581	-0.629	-0.446	-0.981	-0.771	-0.593	-0.979	-0.982	-0.429	-0.979	-0.428	-0.569	-0.416	-0.421	-0.411	
rs9493710      -0.728	-0.725	-0.726	-0.700	-0.721	-0.723	-0.708	-0.738	-0.807	-0.561	-0.738	-0.767	-0.764	-0.691	-0.671	-0.697	-0.694	-0.653	-0.709	-0.729	-0.702	-0.671	-0.739	-0.695	-0.695	-0.752	-0.692	-0.678	-0.639	-0.682	-0.682	-0.682	-0.700	-0.690	-0.728	-0.750	-0.739	-0.745	-0.746	-0.713	-0.708	-0.744	-0.701	-0.800	-0.739	-0.674	-0.719	-0.747	-0.749	-0.657	-0.600	-0.878	-0.490	-0.922	-0.796	-0.922	-0.930	-0.738	-0.776	-0.922	-0.788	-0.788	-1.029	-0.750	-0.810	-1.048	-0.836	-0.924	-1.047	-0.836	-1.048	-0.840	-0.933	-0.844	-0.917	-0.889	-0.896	-0.845	-0.947	-0.909	-0.862	-0.959	-0.952	-0.952	-0.853	-0.954	-0.984	-0.750	-0.855	-0.694	-0.732	-0.733	-0.861	-0.988	-0.863	-0.777	-0.911	-0.762	-0.874	-0.866	-0.744	-0.774	-0.933	-0.903	-0.904	-0.869	-0.869	-0.751	-0.779	-0.871	-0.872	-0.932	-0.461	-0.733	-0.896	-0.875	-0.479	-0.677	-0.939	-0.698	-0.289	-0.933	-0.849	-1.002	-0.493	-0.887	-0.511	-0.871	-0.853	-0.874	-0.455	-0.453	-0.842	-0.369	-1.002	-0.448	-0.856	-0.620	-0.653	-1.051	-0.629	-0.859	-1.050	-1.049	-1.048	-1.038	-0.555	-1.020	-0.738	-0.556	-1.037	-0.738	-1.038	-0.586	-0.738	-1.041	-0.675	-0.675	-1.038	-0.512	-0.477	-1.038	-0.486	-0.486	-0.511	-0.628	-0.676	-0.511	-1.039	-0.822	-0.641	-1.036	-1.039	-0.493	-1.036	-0.493	-0.616	-0.480	-0.486	-0.476	
rs13196860     -0.678	-0.648	-0.652	-0.582	-0.625	-0.631	-0.582	-0.678	-0.803	-0.738	-0.561	-0.762	-0.759	-0.709	-0.690	-0.715	-0.712	-0.712	-0.726	-0.682	-0.719	-0.719	-0.696	-0.712	-0.713	-0.766	-0.708	-0.724	-0.705	-0.700	-0.700	-0.700	-0.717	-0.708	-0.743	-0.714	-0.700	-0.690	-0.695	-0.729	-0.738	-0.758	-0.732	-0.782	-0.706	-0.690	-0.695	-0.725	-0.728	-0.674	-0.577	-0.881	-0.503	-0.923	-0.797	-0.923	-0.931	-0.737	-0.777	-0.923	-0.789	-0.789	-1.028	-0.750	-0.810	-1.047	-0.837	-0.926	-1.047	-0.836	-1.047	-0.841	-0.934	-0.844	-0.918	-0.889	-0.897	-0.846	-0.948	-0.910	-0.863	-0.959	-0.952	-0.953	-0.853	-0.955	-0.984	-0.752	-0.856	-0.696	-0.734	-0.735	-0.862	-0.989	-0.864	-0.779	-0.913	-0.764	-0.876	-0.868	-0.746	-0.776	-0.934	-0.905	-0.906	-0.871	-0.870	-0.753	-0.781	-0.873	-0.874	-0.934	-0.469	-0.735	-0.898	-0.877	-0.487	-0.679	-0.940	-0.700	-0.295	-0.934	-0.850	-1.003	-0.495	-0.888	-0.512	-0.872	-0.854	-0.875	-0.457	-0.454	-0.843	-0.371	-1.003	-0.450	-0.856	-0.621	-0.654	-1.052	-0.630	-0.860	-1.050	-1.049	-1.048	-1.037	-0.556	-1.020	-0.740	-0.558	-1.036	-0.740	-1.038	-0.587	-0.739	-1.041	-0.677	-0.677	-1.038	-0.513	-0.479	-1.037	-0.488	-0.488	-0.513	-0.629	-0.678	-0.512	-1.038	-0.824	-0.642	-1.035	-1.039	-0.495	-1.036	-0.495	-0.617	-0.482	-0.487	-0.478	
rs12660662     -0.737	-0.733	-0.730	-0.714	-0.731	-0.733	-0.718	-0.747	-0.575	-0.767	-0.762	-0.459	-0.581	-0.568	-0.546	-0.574	-0.572	-0.771	-0.586	-0.765	-0.579	-0.772	-0.761	-0.573	-0.573	-0.623	-0.571	-0.771	-0.770	-0.561	-0.561	-0.561	-0.579	-0.569	-0.606	-0.756	-0.764	-0.743	-0.747	-0.592	-0.753	-0.619	-0.748	-0.784	-0.768	-0.580	-0.771	-0.776	-0.776	-0.565	-0.715	-0.837	-0.452	-0.838	-0.676	-0.838	-0.846	-0.634	-0.656	-0.838	-0.669	-0.669	-0.911	-0.646	-0.709	-0.937	-0.719	-0.840	-0.936	-0.718	-0.936	-0.723	-0.849	-0.727	-0.808	-0.776	-0.784	-0.729	-0.861	-0.799	-0.747	-0.872	-0.865	-0.866	-0.737	-0.868	-0.874	-0.675	-0.773	-0.587	-0.625	-0.659	-0.779	-0.879	-0.780	-0.701	-0.825	-0.686	-0.792	-0.784	-0.638	-0.698	-0.848	-0.819	-0.820	-0.787	-0.786	-0.676	-0.702	-0.788	-0.790	-0.847	-0.442	-0.628	-0.812	-0.792	-0.458	-0.588	-0.854	-0.622	-0.257	-0.849	-0.770	-0.901	-0.402	-0.807	-0.419	-0.791	-0.773	-0.794	-0.364	-0.362	-0.763	-0.279	-0.901	-0.355	-0.776	-0.523	-0.556	-0.954	-0.532	-0.780	-0.953	-0.956	-0.955	-0.946	-0.459	-0.912	-0.665	-0.461	-0.946	-0.664	-0.947	-0.490	-0.664	-0.950	-0.604	-0.604	-0.947	-0.417	-0.383	-0.947	-0.391	-0.391	-0.416	-0.556	-0.604	-0.416	-0.948	-0.743	-0.569	-0.945	-0.948	-0.399	-0.945	-0.398	-0.545	-0.385	-0.391	-0.381	
rs12660720     -0.733	-0.729	-0.726	-0.709	-0.726	-0.729	-0.713	-0.743	-0.573	-0.764	-0.759	-0.581	-0.456	-0.571	-0.551	-0.577	-0.575	-0.769	-0.588	-0.762	-0.582	-0.769	-0.757	-0.575	-0.576	-0.622	-0.574	-0.768	-0.768	-0.564	-0.564	-0.565	-0.581	-0.572	-0.607	-0.753	-0.761	-0.739	-0.743	-0.593	-0.749	-0.619	-0.745	-0.781	-0.765	-0.579	-0.768	-0.773	-0.773	-0.564	-0.713	-0.835	-0.452	-0.835	-0.672	-0.835	-0.843	-0.630	-0.652	-0.835	-0.665	-0.665	-0.907	-0.642	-0.705	-0.934	-0.715	-0.838	-0.933	-0.715	-0.933	-0.719	-0.846	-0.723	-0.804	-0.773	-0.781	-0.725	-0.858	-0.795	-0.743	-0.869	-0.862	-0.863	-0.734	-0.865	-0.871	-0.673	-0.770	-0.583	-0.621	-0.656	-0.776	-0.875	-0.778	-0.698	-0.823	-0.684	-0.789	-0.781	-0.635	-0.695	-0.845	-0.816	-0.817	-0.784	-0.784	-0.674	-0.700	-0.786	-0.787	-0.844	-0.440	-0.625	-0.810	-0.790	-0.456	-0.586	-0.851	-0.620	-0.255	-0.846	-0.767	-0.898	-0.399	-0.804	-0.415	-0.789	-0.771	-0.791	-0.361	-0.359	-0.760	-0.276	-0.898	-0.352	-0.773	-0.520	-0.554	-0.951	-0.530	-0.777	-0.950	-0.953	-0.952	-0.943	-0.457	-0.909	-0.662	-0.458	-0.942	-0.662	-0.944	-0.488	-0.661	-0.947	-0.601	-0.601	-0.944	-0.414	-0.380	-0.944	-0.389	-0.389	-0.414	-0.554	-0.602	-0.413	-0.944	-0.740	-0.566	-0.942	-0.945	-0.396	-0.942	-0.396	-0.542	-0.383	-0.388	-0.378	
rs13219946     -0.669	-0.664	-0.661	-0.640	-0.662	-0.665	-0.646	-0.683	-0.529	-0.691	-0.709	-0.568	-0.571	-0.405	-0.513	-0.524	-0.523	-0.709	-0.527	-0.716	-0.526	-0.708	-0.706	-0.524	-0.524	-0.526	-0.527	-0.704	-0.710	-0.523	-0.523	-0.524	-0.528	-0.526	-0.532	-0.698	-0.713	-0.678	-0.684	-0.535	-0.664	-0.536	-0.656	-0.731	-0.719	-0.559	-0.734	-0.733	-0.733	-0.550	-0.696	-0.802	-0.451	-0.792	-0.624	-0.792	-0.799	-0.585	-0.605	-0.792	-0.618	-0.618	-0.857	-0.597	-0.660	-0.885	-0.668	-0.794	-0.884	-0.667	-0.884	-0.672	-0.802	-0.676	-0.757	-0.726	-0.734	-0.678	-0.814	-0.748	-0.696	-0.824	-0.818	-0.819	-0.687	-0.820	-0.823	-0.633	-0.728	-0.540	-0.577	-0.617	-0.734	-0.823	-0.735	-0.658	-0.782	-0.644	-0.746	-0.739	-0.591	-0.656	-0.804	-0.776	-0.777	-0.741	-0.741	-0.634	-0.660	-0.743	-0.744	-0.803	-0.418	-0.581	-0.766	-0.747	-0.433	-0.548	-0.808	-0.585	-0.234	-0.803	-0.725	-0.849	-0.359	-0.761	-0.375	-0.746	-0.731	-0.749	-0.321	-0.319	-0.720	-0.237	-0.849	-0.312	-0.733	-0.477	-0.510	-0.903	-0.487	-0.735	-0.902	-0.906	-0.905	-0.897	-0.414	-0.860	-0.621	-0.416	-0.896	-0.621	-0.897	-0.445	-0.620	-0.900	-0.561	-0.561	-0.898	-0.372	-0.338	-0.897	-0.347	-0.346	-0.371	-0.517	-0.562	-0.371	-0.898	-0.697	-0.530	-0.896	-0.899	-0.354	-0.896	-0.353	-0.506	-0.341	-0.346	-0.336	
rs12661599     -0.646	-0.641	-0.637	-0.615	-0.638	-0.641	-0.621	-0.661	-0.495	-0.671	-0.690	-0.546	-0.551	-0.513	-0.390	-0.512	-0.514	-0.692	-0.511	-0.698	-0.514	-0.690	-0.687	-0.514	-0.514	-0.498	-0.519	-0.686	-0.693	-0.512	-0.512	-0.512	-0.516	-0.518	-0.511	-0.677	-0.693	-0.654	-0.660	-0.518	-0.640	-0.513	-0.632	-0.711	-0.701	-0.555	-0.721	-0.718	-0.718	-0.548	-0.689	-0.792	-0.451	-0.779	-0.610	-0.779	-0.787	-0.571	-0.590	-0.780	-0.604	-0.603	-0.842	-0.583	-0.646	-0.870	-0.654	-0.782	-0.869	-0.653	-0.869	-0.658	-0.790	-0.662	-0.744	-0.712	-0.720	-0.664	-0.801	-0.734	-0.682	-0.811	-0.805	-0.806	-0.672	-0.807	-0.808	-0.622	-0.716	-0.526	-0.564	-0.606	-0.721	-0.808	-0.723	-0.647	-0.770	-0.633	-0.734	-0.726	-0.577	-0.644	-0.791	-0.764	-0.765	-0.729	-0.729	-0.623	-0.648	-0.731	-0.732	-0.791	-0.411	-0.568	-0.754	-0.735	-0.426	-0.537	-0.795	-0.574	-0.227	-0.790	-0.713	-0.835	-0.346	-0.749	-0.363	-0.734	-0.718	-0.737	-0.309	-0.307	-0.708	-0.225	-0.835	-0.299	-0.721	-0.465	-0.497	-0.889	-0.474	-0.723	-0.888	-0.892	-0.891	-0.883	-0.402	-0.846	-0.609	-0.403	-0.883	-0.609	-0.884	-0.432	-0.609	-0.886	-0.550	-0.550	-0.884	-0.359	-0.325	-0.884	-0.334	-0.334	-0.359	-0.506	-0.550	-0.359	-0.885	-0.685	-0.518	-0.882	-0.885	-0.341	-0.882	-0.341	-0.494	-0.328	-0.333	-0.324	
rs13194152     -0.677	-0.672	-0.668	-0.649	-0.670	-0.672	-0.654	-0.690	-0.541	-0.697	-0.715	-0.574	-0.577	-0.524	-0.512	-0.410	-0.526	-0.714	-0.531	-0.721	-0.530	-0.713	-0.712	-0.527	-0.527	-0.536	-0.529	-0.710	-0.715	-0.524	-0.524	-0.524	-0.531	-0.529	-0.539	-0.705	-0.718	-0.685	-0.690	-0.539	-0.671	-0.545	-0.664	-0.736	-0.724	-0.560	-0.738	-0.738	-0.738	-0.551	-0.699	-0.806	-0.451	-0.796	-0.629	-0.796	-0.804	-0.589	-0.609	-0.796	-0.623	-0.623	-0.862	-0.601	-0.664	-0.890	-0.673	-0.798	-0.889	-0.672	-0.889	-0.677	-0.806	-0.681	-0.762	-0.730	-0.739	-0.683	-0.818	-0.753	-0.701	-0.828	-0.822	-0.823	-0.691	-0.825	-0.827	-0.637	-0.732	-0.544	-0.582	-0.621	-0.738	-0.828	-0.739	-0.662	-0.786	-0.648	-0.750	-0.743	-0.595	-0.659	-0.808	-0.780	-0.781	-0.745	-0.745	-0.638	-0.664	-0.747	-0.748	-0.807	-0.420	-0.586	-0.771	-0.751	-0.436	-0.552	-0.812	-0.588	-0.236	-0.807	-0.729	-0.854	-0.363	-0.765	-0.379	-0.750	-0.735	-0.753	-0.325	-0.323	-0.724	-0.241	-0.854	-0.316	-0.737	-0.482	-0.515	-0.907	-0.491	-0.739	-0.906	-0.910	-0.910	-0.902	-0.418	-0.865	-0.625	-0.420	-0.901	-0.625	-0.902	-0.449	-0.624	-0.905	-0.565	-0.565	-0.902	-0.376	-0.342	-0.902	-0.351	-0.351	-0.376	-0.521	-0.566	-0.375	-0.903	-0.701	-0.533	-0.900	-0.903	-0.358	-0.901	-0.358	-0.509	-0.345	-0.350	-0.340	
rs35439350     -0.673	-0.669	-0.665	-0.645	-0.666	-0.669	-0.651	-0.687	-0.535	-0.694	-0.712	-0.572	-0.575	-0.523	-0.514	-0.526	-0.408	-0.711	-0.529	-0.719	-0.527	-0.710	-0.709	-0.525	-0.525	-0.531	-0.528	-0.707	-0.713	-0.524	-0.524	-0.524	-0.529	-0.527	-0.535	-0.701	-0.715	-0.682	-0.687	-0.537	-0.667	-0.540	-0.660	-0.734	-0.722	-0.560	-0.737	-0.736	-0.736	-0.551	-0.698	-0.804	-0.451	-0.794	-0.627	-0.794	-0.802	-0.587	-0.607	-0.794	-0.620	-0.620	-0.860	-0.599	-0.662	-0.887	-0.671	-0.796	-0.886	-0.670	-0.887	-0.675	-0.804	-0.679	-0.760	-0.728	-0.736	-0.681	-0.816	-0.750	-0.699	-0.826	-0.820	-0.821	-0.689	-0.823	-0.825	-0.635	-0.730	-0.542	-0.580	-0.619	-0.736	-0.825	-0.737	-0.660	-0.784	-0.646	-0.748	-0.741	-0.593	-0.658	-0.806	-0.778	-0.779	-0.743	-0.743	-0.636	-0.662	-0.745	-0.746	-0.805	-0.419	-0.584	-0.769	-0.749	-0.435	-0.550	-0.810	-0.587	-0.235	-0.805	-0.727	-0.852	-0.361	-0.763	-0.377	-0.748	-0.733	-0.751	-0.323	-0.321	-0.722	-0.239	-0.852	-0.314	-0.735	-0.480	-0.513	-0.905	-0.489	-0.737	-0.904	-0.908	-0.907	-0.899	-0.416	-0.862	-0.623	-0.418	-0.899	-0.623	-0.900	-0.447	-0.622	-0.902	-0.563	-0.563	-0.900	-0.374	-0.340	-0.900	-0.349	-0.349	-0.373	-0.519	-0.564	-0.373	-0.900	-0.699	-0.531	-0.898	-0.901	-0.356	-0.898	-0.355	-0.507	-0.343	-0.348	-0.338	
rs6921832      -0.665	-0.657	-0.654	-0.609	-0.646	-0.651	-0.620	-0.685	-0.803	-0.653	-0.712	-0.771	-0.769	-0.709	-0.692	-0.714	-0.711	-0.538	-0.724	-0.717	-0.718	-0.674	-0.712	-0.712	-0.712	-0.759	-0.708	-0.670	-0.669	-0.701	-0.701	-0.701	-0.716	-0.708	-0.739	-0.716	-0.719	-0.685	-0.692	-0.727	-0.610	-0.752	-0.585	-0.775	-0.727	-0.692	-0.730	-0.745	-0.746	-0.678	-0.638	-0.875	-0.510	-0.905	-0.780	-0.905	-0.913	-0.717	-0.760	-0.905	-0.772	-0.772	-1.006	-0.731	-0.790	-1.025	-0.820	-0.908	-1.024	-0.819	-1.025	-0.823	-0.916	-0.827	-0.899	-0.871	-0.879	-0.829	-0.929	-0.892	-0.845	-0.940	-0.934	-0.934	-0.836	-0.936	-0.963	-0.739	-0.840	-0.683	-0.719	-0.722	-0.846	-0.965	-0.847	-0.765	-0.896	-0.750	-0.859	-0.851	-0.732	-0.762	-0.918	-0.889	-0.890	-0.854	-0.854	-0.740	-0.766	-0.856	-0.857	-0.917	-0.470	-0.721	-0.880	-0.860	-0.488	-0.666	-0.920	-0.689	-0.294	-0.914	-0.831	-0.982	-0.481	-0.869	-0.498	-0.853	-0.835	-0.856	-0.443	-0.441	-0.824	-0.358	-0.981	-0.438	-0.838	-0.605	-0.638	-1.030	-0.614	-0.841	-1.029	-1.027	-1.026	-1.015	-0.541	-0.998	-0.721	-0.543	-1.014	-0.721	-1.016	-0.572	-0.721	-1.019	-0.659	-0.659	-1.016	-0.499	-0.465	-1.015	-0.474	-0.473	-0.498	-0.612	-0.659	-0.498	-1.016	-0.804	-0.625	-1.013	-1.017	-0.481	-1.014	-0.480	-0.601	-0.468	-0.473	-0.463	
rs6906782      -0.691	-0.686	-0.683	-0.664	-0.684	-0.687	-0.669	-0.704	-0.562	-0.709	-0.726	-0.586	-0.588	-0.527	-0.511	-0.531	-0.529	-0.724	-0.419	-0.731	-0.533	-0.723	-0.723	-0.530	-0.530	-0.551	-0.532	-0.720	-0.725	-0.524	-0.524	-0.525	-0.536	-0.530	-0.549	-0.716	-0.729	-0.698	-0.703	-0.545	-0.685	-0.557	-0.678	-0.747	-0.734	-0.562	-0.746	-0.747	-0.747	-0.552	-0.703	-0.812	-0.451	-0.804	-0.638	-0.804	-0.811	-0.598	-0.618	-0.804	-0.631	-0.631	-0.871	-0.609	-0.673	-0.898	-0.682	-0.806	-0.897	-0.681	-0.898	-0.685	-0.814	-0.690	-0.771	-0.739	-0.747	-0.692	-0.826	-0.761	-0.710	-0.836	-0.830	-0.831	-0.700	-0.832	-0.836	-0.644	-0.739	-0.552	-0.590	-0.627	-0.745	-0.836	-0.747	-0.669	-0.794	-0.655	-0.758	-0.750	-0.603	-0.666	-0.815	-0.788	-0.788	-0.753	-0.753	-0.645	-0.671	-0.755	-0.756	-0.815	-0.424	-0.594	-0.778	-0.759	-0.440	-0.560	-0.820	-0.595	-0.240	-0.814	-0.736	-0.862	-0.370	-0.773	-0.387	-0.758	-0.742	-0.760	-0.333	-0.330	-0.731	-0.248	-0.862	-0.323	-0.745	-0.490	-0.523	-0.916	-0.499	-0.747	-0.915	-0.919	-0.918	-0.910	-0.426	-0.873	-0.632	-0.428	-0.909	-0.632	-0.910	-0.457	-0.631	-0.913	-0.572	-0.572	-0.910	-0.384	-0.350	-0.910	-0.358	-0.358	-0.383	-0.528	-0.572	-0.383	-0.911	-0.708	-0.540	-0.908	-0.911	-0.366	-0.909	-0.365	-0.516	-0.353	-0.358	-0.348	
rs12203961     -0.643	-0.605	-0.611	-0.519	-0.574	-0.582	-0.516	-0.643	-0.802	-0.729	-0.682	-0.765	-0.762	-0.716	-0.698	-0.721	-0.719	-0.717	-0.731	-0.551	-0.725	-0.721	-0.682	-0.719	-0.719	-0.768	-0.715	-0.723	-0.711	-0.707	-0.707	-0.708	-0.723	-0.714	-0.747	-0.697	-0.695	-0.651	-0.661	-0.734	-0.717	-0.761	-0.709	-0.773	-0.707	-0.697	-0.707	-0.729	-0.731	-0.682	-0.601	-0.880	-0.511	-0.916	-0.790	-0.916	-0.924	-0.728	-0.770	-0.916	-0.782	-0.782	-1.018	-0.742	-0.801	-1.038	-0.830	-0.919	-1.037	-0.829	-1.037	-0.833	-0.927	-0.837	-0.910	-0.882	-0.890	-0.839	-0.940	-0.902	-0.855	-0.952	-0.945	-0.946	-0.846	-0.947	-0.975	-0.748	-0.850	-0.691	-0.728	-0.731	-0.856	-0.979	-0.858	-0.774	-0.906	-0.759	-0.869	-0.861	-0.741	-0.771	-0.928	-0.899	-0.899	-0.864	-0.864	-0.749	-0.775	-0.866	-0.867	-0.927	-0.473	-0.730	-0.891	-0.870	-0.490	-0.674	-0.932	-0.696	-0.297	-0.926	-0.843	-0.994	-0.490	-0.881	-0.507	-0.864	-0.846	-0.867	-0.452	-0.450	-0.835	-0.366	-0.994	-0.446	-0.848	-0.615	-0.648	-1.042	-0.624	-0.853	-1.041	-1.040	-1.039	-1.028	-0.550	-1.011	-0.733	-0.552	-1.027	-0.733	-1.028	-0.581	-0.732	-1.031	-0.670	-0.671	-1.028	-0.508	-0.474	-1.028	-0.482	-0.482	-0.507	-0.622	-0.671	-0.507	-1.029	-0.816	-0.635	-1.026	-1.029	-0.490	-1.026	-0.489	-0.610	-0.477	-0.482	-0.472	
rs17398664     -0.683	-0.678	-0.674	-0.655	-0.676	-0.678	-0.660	-0.696	-0.550	-0.702	-0.719	-0.579	-0.582	-0.526	-0.514	-0.530	-0.527	-0.718	-0.533	-0.725	-0.413	-0.717	-0.716	-0.528	-0.528	-0.542	-0.530	-0.714	-0.719	-0.525	-0.525	-0.525	-0.533	-0.529	-0.543	-0.709	-0.722	-0.690	-0.695	-0.541	-0.676	-0.549	-0.669	-0.740	-0.728	-0.562	-0.742	-0.742	-0.741	-0.551	-0.701	-0.808	-0.451	-0.799	-0.632	-0.799	-0.807	-0.593	-0.613	-0.799	-0.626	-0.626	-0.866	-0.604	-0.667	-0.893	-0.676	-0.801	-0.892	-0.675	-0.892	-0.680	-0.809	-0.684	-0.765	-0.734	-0.742	-0.686	-0.821	-0.756	-0.704	-0.831	-0.825	-0.826	-0.694	-0.828	-0.831	-0.640	-0.735	-0.547	-0.585	-0.623	-0.740	-0.831	-0.742	-0.665	-0.789	-0.650	-0.753	-0.746	-0.598	-0.662	-0.811	-0.783	-0.784	-0.748	-0.748	-0.641	-0.666	-0.750	-0.751	-0.810	-0.422	-0.589	-0.773	-0.754	-0.437	-0.555	-0.815	-0.591	-0.238	-0.810	-0.732	-0.857	-0.366	-0.768	-0.382	-0.753	-0.737	-0.756	-0.328	-0.326	-0.727	-0.243	-0.857	-0.319	-0.740	-0.485	-0.518	-0.911	-0.494	-0.742	-0.910	-0.914	-0.913	-0.905	-0.421	-0.868	-0.628	-0.423	-0.904	-0.627	-0.905	-0.452	-0.627	-0.908	-0.568	-0.568	-0.905	-0.379	-0.345	-0.905	-0.354	-0.353	-0.378	-0.523	-0.568	-0.378	-0.906	-0.704	-0.536	-0.903	-0.906	-0.361	-0.904	-0.360	-0.512	-0.348	-0.353	-0.343	
rs6939216      -0.680	-0.673	-0.671	-0.630	-0.664	-0.669	-0.641	-0.698	-0.805	-0.671	-0.719	-0.772	-0.769	-0.708	-0.690	-0.713	-0.710	-0.674	-0.723	-0.721	-0.717	-0.542	-0.719	-0.711	-0.711	-0.759	-0.707	-0.678	-0.671	-0.700	-0.700	-0.700	-0.715	-0.707	-0.739	-0.724	-0.725	-0.698	-0.704	-0.726	-0.638	-0.752	-0.619	-0.781	-0.732	-0.691	-0.731	-0.748	-0.749	-0.676	-0.634	-0.876	-0.508	-0.908	-0.783	-0.908	-0.916	-0.721	-0.763	-0.908	-0.775	-0.775	-1.010	-0.734	-0.793	-1.029	-0.822	-0.911	-1.028	-0.822	-1.028	-0.826	-0.919	-0.830	-0.902	-0.874	-0.882	-0.832	-0.932	-0.895	-0.848	-0.943	-0.937	-0.937	-0.839	-0.939	-0.967	-0.741	-0.842	-0.685	-0.722	-0.724	-0.848	-0.969	-0.850	-0.767	-0.899	-0.752	-0.862	-0.854	-0.734	-0.764	-0.920	-0.891	-0.892	-0.856	-0.856	-0.742	-0.768	-0.858	-0.860	-0.919	-0.469	-0.723	-0.883	-0.862	-0.487	-0.668	-0.923	-0.691	-0.294	-0.917	-0.834	-0.985	-0.483	-0.872	-0.500	-0.856	-0.839	-0.859	-0.445	-0.443	-0.828	-0.360	-0.985	-0.440	-0.841	-0.608	-0.641	-1.033	-0.617	-0.844	-1.032	-1.030	-1.029	-1.019	-0.544	-1.002	-0.725	-0.545	-1.018	-0.724	-1.019	-0.574	-0.724	-1.023	-0.662	-0.662	-1.019	-0.501	-0.467	-1.019	-0.476	-0.476	-0.501	-0.615	-0.662	-0.500	-1.020	-0.808	-0.628	-1.017	-1.021	-0.483	-1.018	-0.483	-0.604	-0.470	-0.475	-0.466	
rs9493712      -0.694	-0.673	-0.676	-0.622	-0.657	-0.662	-0.625	-0.694	-0.803	-0.739	-0.696	-0.761	-0.757	-0.706	-0.687	-0.712	-0.709	-0.712	-0.723	-0.682	-0.716	-0.719	-0.563	-0.710	-0.710	-0.764	-0.707	-0.723	-0.702	-0.697	-0.697	-0.697	-0.714	-0.705	-0.741	-0.714	-0.699	-0.691	-0.696	-0.726	-0.740	-0.756	-0.735	-0.784	-0.705	-0.687	-0.692	-0.724	-0.726	-0.671	-0.570	-0.880	-0.500	-0.924	-0.798	-0.924	-0.933	-0.739	-0.778	-0.925	-0.791	-0.791	-1.030	-0.752	-0.812	-1.049	-0.838	-0.927	-1.049	-0.838	-1.049	-0.842	-0.936	-0.846	-0.919	-0.891	-0.898	-0.848	-0.949	-0.911	-0.864	-0.961	-0.954	-0.955	-0.855	-0.957	-0.986	-0.753	-0.858	-0.697	-0.735	-0.736	-0.864	-0.991	-0.865	-0.780	-0.914	-0.765	-0.877	-0.869	-0.747	-0.777	-0.936	-0.906	-0.907	-0.872	-0.872	-0.754	-0.782	-0.874	-0.875	-0.935	-0.468	-0.736	-0.899	-0.878	-0.486	-0.680	-0.942	-0.701	-0.295	-0.936	-0.852	-1.005	-0.496	-0.890	-0.513	-0.874	-0.855	-0.877	-0.458	-0.455	-0.844	-0.372	-1.004	-0.451	-0.858	-0.622	-0.655	-1.054	-0.631	-0.862	-1.052	-1.051	-1.050	-1.039	-0.557	-1.022	-0.742	-0.559	-1.038	-0.741	-1.040	-0.588	-0.741	-1.043	-0.679	-0.679	-1.040	-0.514	-0.480	-1.039	-0.489	-0.489	-0.514	-0.630	-0.679	-0.513	-1.040	-0.826	-0.643	-1.037	-1.041	-0.496	-1.038	-0.496	-0.618	-0.483	-0.488	-0.479	
rs12660957     -0.675	-0.670	-0.666	-0.646	-0.668	-0.670	-0.652	-0.688	-0.538	-0.695	-0.712	-0.573	-0.575	-0.524	-0.514	-0.527	-0.525	-0.712	-0.530	-0.719	-0.528	-0.711	-0.710	-0.408	-0.524	-0.531	-0.527	-0.708	-0.713	-0.522	-0.522	-0.522	-0.527	-0.524	-0.532	-0.701	-0.715	-0.681	-0.687	-0.534	-0.667	-0.537	-0.660	-0.733	-0.722	-0.559	-0.736	-0.736	-0.736	-0.549	-0.698	-0.804	-0.450	-0.794	-0.627	-0.794	-0.802	-0.587	-0.607	-0.795	-0.621	-0.620	-0.860	-0.599	-0.662	-0.887	-0.671	-0.797	-0.887	-0.670	-0.887	-0.675	-0.805	-0.679	-0.760	-0.728	-0.737	-0.681	-0.817	-0.751	-0.699	-0.827	-0.821	-0.821	-0.689	-0.823	-0.825	-0.636	-0.730	-0.542	-0.580	-0.619	-0.736	-0.825	-0.738	-0.661	-0.785	-0.646	-0.749	-0.741	-0.593	-0.658	-0.806	-0.779	-0.779	-0.744	-0.744	-0.636	-0.662	-0.746	-0.747	-0.805	-0.419	-0.584	-0.769	-0.750	-0.435	-0.551	-0.810	-0.587	-0.235	-0.805	-0.727	-0.852	-0.361	-0.764	-0.377	-0.749	-0.733	-0.751	-0.324	-0.321	-0.723	-0.239	-0.852	-0.314	-0.736	-0.480	-0.513	-0.906	-0.489	-0.738	-0.904	-0.908	-0.908	-0.900	-0.417	-0.863	-0.623	-0.418	-0.899	-0.623	-0.900	-0.448	-0.623	-0.903	-0.564	-0.564	-0.900	-0.374	-0.340	-0.900	-0.349	-0.349	-0.374	-0.519	-0.564	-0.373	-0.901	-0.699	-0.532	-0.898	-0.901	-0.356	-0.899	-0.356	-0.508	-0.343	-0.348	-0.339	
rs13200337     -0.675	-0.670	-0.666	-0.646	-0.668	-0.670	-0.652	-0.688	-0.538	-0.695	-0.713	-0.573	-0.576	-0.524	-0.514	-0.527	-0.525	-0.712	-0.530	-0.719	-0.528	-0.711	-0.710	-0.524	-0.408	-0.531	-0.527	-0.708	-0.713	-0.522	-0.522	-0.522	-0.527	-0.524	-0.532	-0.701	-0.716	-0.682	-0.687	-0.534	-0.667	-0.537	-0.660	-0.734	-0.722	-0.559	-0.737	-0.736	-0.736	-0.549	-0.698	-0.804	-0.450	-0.794	-0.627	-0.794	-0.802	-0.588	-0.607	-0.795	-0.621	-0.621	-0.860	-0.599	-0.662	-0.888	-0.671	-0.797	-0.887	-0.670	-0.887	-0.675	-0.805	-0.679	-0.760	-0.729	-0.737	-0.681	-0.817	-0.751	-0.699	-0.827	-0.821	-0.821	-0.689	-0.823	-0.826	-0.636	-0.730	-0.542	-0.580	-0.619	-0.736	-0.826	-0.738	-0.661	-0.785	-0.646	-0.749	-0.741	-0.593	-0.658	-0.806	-0.779	-0.779	-0.744	-0.744	-0.636	-0.662	-0.746	-0.747	-0.805	-0.419	-0.584	-0.769	-0.750	-0.435	-0.551	-0.810	-0.587	-0.235	-0.805	-0.727	-0.852	-0.361	-0.764	-0.377	-0.749	-0.733	-0.751	-0.324	-0.321	-0.723	-0.239	-0.852	-0.314	-0.736	-0.480	-0.513	-0.906	-0.489	-0.738	-0.905	-0.909	-0.908	-0.900	-0.417	-0.863	-0.624	-0.418	-0.899	-0.623	-0.900	-0.448	-0.623	-0.903	-0.564	-0.564	-0.900	-0.374	-0.340	-0.900	-0.349	-0.349	-0.374	-0.519	-0.564	-0.374	-0.901	-0.699	-0.532	-0.898	-0.901	-0.356	-0.899	-0.356	-0.508	-0.343	-0.348	-0.339	
rs13203797     -0.742	-0.739	-0.737	-0.722	-0.737	-0.739	-0.726	-0.751	-0.627	-0.752	-0.766	-0.623	-0.622	-0.526	-0.498	-0.536	-0.531	-0.759	-0.551	-0.768	-0.542	-0.759	-0.764	-0.531	-0.531	-0.450	-0.531	-0.757	-0.758	-0.517	-0.517	-0.517	-0.539	-0.526	-0.574	-0.759	-0.767	-0.747	-0.750	-0.558	-0.735	-0.589	-0.729	-0.786	-0.770	-0.560	-0.772	-0.777	-0.777	-0.545	-0.716	-0.832	-0.444	-0.830	-0.667	-0.830	-0.838	-0.626	-0.647	-0.830	-0.660	-0.660	-0.902	-0.637	-0.700	-0.929	-0.710	-0.832	-0.928	-0.710	-0.928	-0.714	-0.841	-0.718	-0.799	-0.768	-0.776	-0.720	-0.853	-0.790	-0.738	-0.864	-0.857	-0.858	-0.729	-0.860	-0.867	-0.668	-0.765	-0.578	-0.616	-0.651	-0.770	-0.869	-0.772	-0.693	-0.818	-0.678	-0.784	-0.776	-0.630	-0.690	-0.840	-0.812	-0.813	-0.778	-0.778	-0.668	-0.695	-0.780	-0.782	-0.840	-0.437	-0.620	-0.804	-0.784	-0.453	-0.582	-0.846	-0.616	-0.252	-0.841	-0.762	-0.891	-0.394	-0.799	-0.411	-0.783	-0.767	-0.786	-0.356	-0.354	-0.757	-0.271	-0.891	-0.347	-0.770	-0.515	-0.548	-0.945	-0.524	-0.772	-0.944	-0.948	-0.947	-0.939	-0.451	-0.903	-0.657	-0.453	-0.938	-0.656	-0.939	-0.482	-0.656	-0.942	-0.596	-0.596	-0.939	-0.408	-0.374	-0.939	-0.383	-0.383	-0.408	-0.551	-0.596	-0.408	-0.940	-0.735	-0.563	-0.937	-0.940	-0.390	-0.938	-0.390	-0.539	-0.377	-0.382	-0.373	
rs13204047     -0.670	-0.665	-0.661	-0.640	-0.662	-0.665	-0.646	-0.683	-0.536	-0.692	-0.708	-0.571	-0.574	-0.527	-0.519	-0.529	-0.528	-0.708	-0.532	-0.715	-0.530	-0.707	-0.707	-0.527	-0.527	-0.531	-0.406	-0.704	-0.710	-0.524	-0.524	-0.524	-0.529	-0.527	-0.530	-0.698	-0.712	-0.677	-0.683	-0.535	-0.663	-0.537	-0.655	-0.730	-0.718	-0.560	-0.734	-0.733	-0.733	-0.550	-0.696	-0.803	-0.451	-0.792	-0.625	-0.792	-0.800	-0.585	-0.605	-0.793	-0.618	-0.618	-0.858	-0.597	-0.660	-0.885	-0.669	-0.795	-0.884	-0.668	-0.884	-0.673	-0.803	-0.677	-0.758	-0.726	-0.734	-0.679	-0.815	-0.749	-0.697	-0.825	-0.819	-0.819	-0.687	-0.821	-0.823	-0.634	-0.728	-0.540	-0.578	-0.618	-0.734	-0.823	-0.736	-0.659	-0.783	-0.645	-0.747	-0.739	-0.591	-0.656	-0.804	-0.777	-0.777	-0.742	-0.742	-0.635	-0.660	-0.744	-0.745	-0.803	-0.418	-0.582	-0.767	-0.748	-0.434	-0.549	-0.808	-0.585	-0.234	-0.803	-0.726	-0.850	-0.359	-0.762	-0.375	-0.747	-0.731	-0.749	-0.322	-0.319	-0.721	-0.237	-0.850	-0.312	-0.734	-0.478	-0.511	-0.903	-0.488	-0.736	-0.902	-0.906	-0.906	-0.897	-0.415	-0.860	-0.622	-0.417	-0.897	-0.621	-0.898	-0.446	-0.621	-0.900	-0.562	-0.562	-0.898	-0.372	-0.339	-0.898	-0.347	-0.347	-0.372	-0.518	-0.562	-0.372	-0.899	-0.698	-0.530	-0.896	-0.899	-0.354	-0.896	-0.354	-0.506	-0.342	-0.347	-0.337	
rs9321412      -0.692	-0.686	-0.684	-0.646	-0.678	-0.682	-0.656	-0.707	-0.806	-0.678	-0.724	-0.771	-0.768	-0.704	-0.686	-0.710	-0.707	-0.670	-0.720	-0.723	-0.714	-0.678	-0.723	-0.708	-0.708	-0.757	-0.704	-0.546	-0.660	-0.695	-0.695	-0.696	-0.712	-0.703	-0.736	-0.727	-0.725	-0.703	-0.709	-0.723	-0.636	-0.750	-0.615	-0.783	-0.731	-0.686	-0.726	-0.745	-0.747	-0.671	-0.624	-0.876	-0.503	-0.911	-0.786	-0.911	-0.920	-0.724	-0.766	-0.912	-0.778	-0.778	-1.014	-0.738	-0.797	-1.033	-0.826	-0.914	-1.033	-0.825	-1.033	-0.829	-0.923	-0.833	-0.906	-0.878	-0.885	-0.835	-0.936	-0.898	-0.851	-0.947	-0.940	-0.941	-0.842	-0.943	-0.971	-0.743	-0.845	-0.687	-0.724	-0.726	-0.851	-0.974	-0.853	-0.769	-0.902	-0.755	-0.865	-0.857	-0.737	-0.767	-0.923	-0.894	-0.895	-0.859	-0.859	-0.744	-0.771	-0.861	-0.863	-0.923	-0.468	-0.726	-0.886	-0.866	-0.485	-0.671	-0.927	-0.693	-0.293	-0.921	-0.837	-0.989	-0.486	-0.875	-0.503	-0.859	-0.842	-0.862	-0.448	-0.446	-0.831	-0.363	-0.989	-0.442	-0.845	-0.611	-0.644	-1.037	-0.620	-0.848	-1.036	-1.035	-1.034	-1.023	-0.546	-1.006	-0.728	-0.548	-1.022	-0.727	-1.024	-0.577	-0.727	-1.027	-0.665	-0.665	-1.024	-0.504	-0.470	-1.023	-0.478	-0.478	-0.503	-0.618	-0.665	-0.503	-1.024	-0.811	-0.631	-1.021	-1.025	-0.486	-1.022	-0.485	-0.606	-0.473	-0.478	-0.468	
rs9493716      -0.647	-0.639	-0.637	-0.586	-0.628	-0.633	-0.599	-0.670	-0.800	-0.639	-0.705	-0.770	-0.768	-0.710	-0.693	-0.715	-0.713	-0.669	-0.725	-0.711	-0.719	-0.671	-0.702	-0.713	-0.713	-0.758	-0.710	-0.660	-0.532	-0.701	-0.701	-0.701	-0.717	-0.709	-0.738	-0.698	-0.706	-0.657	-0.667	-0.727	-0.557	-0.751	-0.523	-0.765	-0.717	-0.693	-0.728	-0.740	-0.741	-0.679	-0.641	-0.872	-0.512	-0.901	-0.775	-0.901	-0.909	-0.712	-0.756	-0.901	-0.768	-0.768	-1.000	-0.726	-0.785	-1.019	-0.815	-0.903	-1.019	-0.814	-1.019	-0.819	-0.912	-0.822	-0.895	-0.867	-0.874	-0.824	-0.924	-0.887	-0.840	-0.935	-0.929	-0.929	-0.831	-0.931	-0.958	-0.735	-0.835	-0.679	-0.716	-0.718	-0.841	-0.960	-0.843	-0.761	-0.892	-0.746	-0.854	-0.847	-0.728	-0.758	-0.913	-0.885	-0.885	-0.849	-0.849	-0.736	-0.762	-0.851	-0.852	-0.912	-0.470	-0.717	-0.875	-0.855	-0.487	-0.663	-0.915	-0.686	-0.293	-0.909	-0.826	-0.976	-0.477	-0.864	-0.494	-0.848	-0.830	-0.851	-0.440	-0.437	-0.820	-0.355	-0.976	-0.434	-0.833	-0.601	-0.634	-1.024	-0.610	-0.836	-1.023	-1.021	-1.020	-1.010	-0.537	-0.993	-0.717	-0.539	-1.009	-0.716	-1.010	-0.568	-0.716	-1.013	-0.654	-0.654	-1.010	-0.495	-0.461	-1.010	-0.470	-0.470	-0.494	-0.608	-0.655	-0.494	-1.011	-0.799	-0.621	-1.008	-1.011	-0.477	-1.008	-0.477	-0.596	-0.464	-0.469	-0.460	
rs6941465      -0.659	-0.654	-0.650	-0.629	-0.651	-0.654	-0.635	-0.673	-0.520	-0.682	-0.700	-0.561	-0.564	-0.523	-0.512	-0.524	-0.524	-0.701	-0.524	-0.707	-0.525	-0.700	-0.697	-0.522	-0.522	-0.517	-0.524	-0.695	-0.701	-0.398	-0.513	-0.514	-0.522	-0.522	-0.517	-0.687	-0.702	-0.664	-0.670	-0.524	-0.651	-0.522	-0.643	-0.720	-0.709	-0.557	-0.728	-0.726	-0.725	-0.548	-0.692	-0.797	-0.450	-0.786	-0.617	-0.786	-0.793	-0.578	-0.598	-0.786	-0.611	-0.611	-0.850	-0.590	-0.653	-0.878	-0.661	-0.788	-0.877	-0.660	-0.877	-0.665	-0.796	-0.669	-0.751	-0.719	-0.727	-0.671	-0.808	-0.741	-0.689	-0.818	-0.812	-0.813	-0.680	-0.814	-0.816	-0.628	-0.722	-0.533	-0.571	-0.612	-0.728	-0.815	-0.729	-0.653	-0.777	-0.639	-0.740	-0.733	-0.584	-0.650	-0.798	-0.771	-0.771	-0.735	-0.735	-0.629	-0.654	-0.737	-0.738	-0.797	-0.415	-0.575	-0.760	-0.741	-0.430	-0.543	-0.802	-0.580	-0.231	-0.797	-0.719	-0.843	-0.353	-0.755	-0.369	-0.740	-0.725	-0.743	-0.315	-0.313	-0.714	-0.231	-0.843	-0.306	-0.728	-0.471	-0.504	-0.896	-0.481	-0.729	-0.895	-0.899	-0.899	-0.890	-0.408	-0.853	-0.616	-0.410	-0.890	-0.615	-0.891	-0.439	-0.615	-0.893	-0.556	-0.556	-0.891	-0.366	-0.332	-0.891	-0.341	-0.340	-0.365	-0.512	-0.556	-0.365	-0.892	-0.691	-0.524	-0.889	-0.892	-0.348	-0.889	-0.347	-0.500	-0.335	-0.340	-0.330	
