## Summary of overall evidence for association with region:
## log10(BF for region) = -0.564871
## p-value for region = NA

## BFs for choosing among multi-SNP models:
## log10(average 1-SNP BF) = -0.485874
## log10(average 2-SNP BF) = -0.785982

## Example posterior probabilities for multi-SNP models, based on default prior: [p(l) propto 0.5^l for l=1,2,...,L]
## posterior probability of 1-SNP = 0.79966
## posterior probability of 2-SNP = 0.20034

## log10(BF) for single SNP and pair of SNPs:
rs11659313     -0.461	-0.723	-0.725	-0.724	-0.721	-0.721	-0.720	-0.714	-0.769	-0.870	-0.850	-0.828	-0.722	-0.730	-0.732	-0.744	-0.684	-0.684	-0.683	-0.849	-0.856	-0.862	-0.856	-0.856	-0.856	-0.870	-0.857	-0.842	-0.798	-0.932	-0.932	-0.930	-0.864	-0.927	-0.797	-0.861	-0.795	-0.686	-0.932	-0.793	-0.714	-0.939	-0.789	-0.789	-0.794	-0.792	-0.744	-0.745	-0.745	-0.755	-0.755	-0.845	-0.854	-0.812	-0.751	-0.762	-0.854	-0.758	-0.758	-0.848	-0.854	-0.764	-0.771	-0.757	-0.793	-0.760	-0.756	-0.750	-0.760	-0.755	-0.754	-0.754	-0.754	-0.754	-0.754	-0.759	-0.759	-0.759	-0.759	-0.759	-0.759	-0.914	-0.759	-0.759	-0.747	-0.720	-0.720	-0.732	-0.735	-0.741	-0.739	-0.821	-0.821	-0.827	-0.869	-0.874	-0.871	-0.872	-0.871	-0.871	-0.869	-0.875	-0.871	-0.875	-0.869	-0.867	-0.868	-0.971	-0.867	-0.868	-0.867	-0.971	-0.971	-0.971	-0.971	-0.971	-0.871	-0.870	-0.877	-0.877	-0.972	-0.971	-0.971	-0.971	-0.971	-0.971	-0.875	
rs160993       -0.723	-0.455	-0.589	-0.581	-0.577	-0.577	-0.575	-0.662	-0.767	-0.877	-0.858	-0.838	-0.709	-0.717	-0.720	-0.733	-0.668	-0.668	-0.668	-0.849	-0.847	-0.854	-0.848	-0.848	-0.847	-0.863	-0.848	-0.833	-0.793	-0.926	-0.926	-0.924	-0.856	-0.921	-0.791	-0.852	-0.789	-0.670	-0.926	-0.787	-0.700	-0.933	-0.783	-0.783	-0.788	-0.786	-0.733	-0.733	-0.733	-0.744	-0.745	-0.836	-0.846	-0.802	-0.739	-0.752	-0.846	-0.747	-0.747	-0.839	-0.845	-0.755	-0.761	-0.746	-0.788	-0.750	-0.745	-0.739	-0.750	-0.744	-0.744	-0.743	-0.743	-0.743	-0.743	-0.749	-0.749	-0.749	-0.749	-0.749	-0.749	-0.910	-0.749	-0.749	-0.736	-0.707	-0.707	-0.719	-0.723	-0.729	-0.728	-0.808	-0.809	-0.815	-0.858	-0.863	-0.860	-0.861	-0.860	-0.860	-0.858	-0.864	-0.860	-0.864	-0.858	-0.857	-0.857	-0.966	-0.857	-0.857	-0.856	-0.966	-0.966	-0.966	-0.966	-0.966	-0.860	-0.859	-0.867	-0.866	-0.966	-0.966	-0.966	-0.966	-0.966	-0.966	-0.865	
rs319450       -0.725	-0.589	-0.457	-0.590	-0.580	-0.579	-0.576	-0.665	-0.769	-0.879	-0.860	-0.840	-0.711	-0.719	-0.721	-0.735	-0.670	-0.670	-0.669	-0.850	-0.849	-0.856	-0.850	-0.850	-0.849	-0.865	-0.850	-0.835	-0.795	-0.927	-0.928	-0.926	-0.857	-0.923	-0.793	-0.854	-0.791	-0.672	-0.928	-0.789	-0.701	-0.935	-0.785	-0.785	-0.790	-0.788	-0.734	-0.735	-0.735	-0.746	-0.746	-0.838	-0.848	-0.804	-0.741	-0.754	-0.847	-0.749	-0.749	-0.841	-0.847	-0.756	-0.763	-0.748	-0.789	-0.751	-0.747	-0.740	-0.751	-0.745	-0.745	-0.745	-0.745	-0.745	-0.745	-0.750	-0.750	-0.750	-0.750	-0.750	-0.750	-0.912	-0.750	-0.750	-0.738	-0.709	-0.708	-0.721	-0.725	-0.731	-0.729	-0.810	-0.810	-0.817	-0.859	-0.865	-0.862	-0.863	-0.862	-0.861	-0.859	-0.866	-0.862	-0.865	-0.859	-0.858	-0.859	-0.967	-0.858	-0.858	-0.858	-0.968	-0.967	-0.968	-0.967	-0.968	-0.862	-0.861	-0.868	-0.868	-0.968	-0.968	-0.968	-0.968	-0.967	-0.968	-0.866	
rs319449       -0.724	-0.581	-0.590	-0.454	-0.579	-0.579	-0.576	-0.663	-0.767	-0.877	-0.858	-0.838	-0.709	-0.717	-0.719	-0.733	-0.668	-0.667	-0.667	-0.848	-0.847	-0.853	-0.847	-0.847	-0.847	-0.863	-0.848	-0.833	-0.793	-0.925	-0.925	-0.923	-0.855	-0.921	-0.791	-0.852	-0.789	-0.670	-0.926	-0.787	-0.699	-0.933	-0.783	-0.783	-0.788	-0.786	-0.732	-0.733	-0.733	-0.744	-0.744	-0.836	-0.845	-0.802	-0.739	-0.752	-0.845	-0.747	-0.747	-0.839	-0.845	-0.754	-0.761	-0.746	-0.787	-0.749	-0.745	-0.738	-0.749	-0.743	-0.743	-0.743	-0.743	-0.743	-0.743	-0.748	-0.748	-0.748	-0.748	-0.748	-0.748	-0.910	-0.748	-0.748	-0.735	-0.707	-0.706	-0.719	-0.723	-0.729	-0.727	-0.808	-0.808	-0.815	-0.858	-0.863	-0.860	-0.861	-0.860	-0.859	-0.857	-0.864	-0.860	-0.864	-0.858	-0.856	-0.857	-0.965	-0.856	-0.856	-0.856	-0.966	-0.965	-0.966	-0.965	-0.966	-0.860	-0.859	-0.866	-0.866	-0.966	-0.966	-0.966	-0.965	-0.965	-0.966	-0.864	
rs319447       -0.721	-0.577	-0.580	-0.579	-0.449	-0.567	-0.565	-0.660	-0.761	-0.871	-0.852	-0.831	-0.704	-0.712	-0.714	-0.728	-0.663	-0.663	-0.662	-0.843	-0.842	-0.848	-0.842	-0.842	-0.842	-0.858	-0.843	-0.828	-0.788	-0.920	-0.921	-0.919	-0.851	-0.916	-0.786	-0.847	-0.784	-0.665	-0.921	-0.782	-0.694	-0.928	-0.778	-0.778	-0.783	-0.781	-0.727	-0.728	-0.728	-0.739	-0.739	-0.831	-0.841	-0.798	-0.734	-0.747	-0.841	-0.742	-0.742	-0.834	-0.841	-0.749	-0.756	-0.741	-0.782	-0.744	-0.740	-0.733	-0.744	-0.738	-0.738	-0.738	-0.738	-0.738	-0.738	-0.743	-0.743	-0.743	-0.743	-0.743	-0.743	-0.905	-0.743	-0.743	-0.731	-0.702	-0.701	-0.714	-0.718	-0.724	-0.722	-0.803	-0.803	-0.810	-0.853	-0.858	-0.855	-0.856	-0.855	-0.854	-0.852	-0.859	-0.855	-0.858	-0.852	-0.851	-0.852	-0.960	-0.851	-0.851	-0.851	-0.961	-0.960	-0.961	-0.960	-0.961	-0.855	-0.854	-0.861	-0.861	-0.961	-0.961	-0.961	-0.960	-0.960	-0.961	-0.859	
rs319446       -0.721	-0.577	-0.579	-0.579	-0.567	-0.449	-0.565	-0.660	-0.761	-0.871	-0.852	-0.831	-0.704	-0.712	-0.714	-0.728	-0.663	-0.662	-0.662	-0.843	-0.842	-0.848	-0.842	-0.842	-0.842	-0.858	-0.843	-0.828	-0.788	-0.920	-0.921	-0.918	-0.851	-0.916	-0.786	-0.847	-0.784	-0.665	-0.921	-0.782	-0.694	-0.928	-0.778	-0.778	-0.783	-0.781	-0.727	-0.728	-0.728	-0.739	-0.739	-0.831	-0.841	-0.798	-0.734	-0.747	-0.841	-0.742	-0.742	-0.834	-0.841	-0.749	-0.756	-0.741	-0.782	-0.744	-0.740	-0.733	-0.744	-0.738	-0.738	-0.738	-0.738	-0.738	-0.738	-0.743	-0.743	-0.743	-0.743	-0.743	-0.743	-0.905	-0.743	-0.743	-0.730	-0.702	-0.701	-0.714	-0.718	-0.724	-0.722	-0.803	-0.803	-0.810	-0.853	-0.858	-0.855	-0.856	-0.855	-0.854	-0.852	-0.859	-0.855	-0.858	-0.852	-0.851	-0.852	-0.960	-0.851	-0.851	-0.851	-0.961	-0.960	-0.961	-0.960	-0.961	-0.855	-0.854	-0.861	-0.861	-0.961	-0.961	-0.961	-0.960	-0.960	-0.961	-0.859	
rs319445       -0.720	-0.575	-0.576	-0.576	-0.565	-0.565	-0.446	-0.659	-0.758	-0.867	-0.848	-0.828	-0.701	-0.709	-0.711	-0.725	-0.660	-0.660	-0.660	-0.840	-0.839	-0.845	-0.839	-0.839	-0.839	-0.855	-0.840	-0.825	-0.785	-0.918	-0.918	-0.916	-0.848	-0.913	-0.783	-0.845	-0.781	-0.662	-0.918	-0.779	-0.692	-0.925	-0.775	-0.775	-0.780	-0.778	-0.725	-0.725	-0.725	-0.736	-0.737	-0.829	-0.838	-0.795	-0.731	-0.744	-0.838	-0.739	-0.739	-0.832	-0.838	-0.746	-0.753	-0.738	-0.780	-0.741	-0.737	-0.730	-0.742	-0.736	-0.735	-0.735	-0.735	-0.735	-0.735	-0.741	-0.741	-0.741	-0.741	-0.741	-0.741	-0.902	-0.741	-0.741	-0.728	-0.699	-0.698	-0.711	-0.715	-0.721	-0.719	-0.800	-0.800	-0.807	-0.850	-0.855	-0.852	-0.853	-0.852	-0.851	-0.849	-0.856	-0.852	-0.856	-0.850	-0.848	-0.849	-0.958	-0.848	-0.848	-0.848	-0.958	-0.957	-0.958	-0.957	-0.958	-0.852	-0.851	-0.858	-0.858	-0.958	-0.958	-0.958	-0.958	-0.958	-0.958	-0.856	
rs11664134     -0.714	-0.662	-0.665	-0.663	-0.660	-0.660	-0.659	-0.395	-0.712	-0.827	-0.808	-0.788	-0.646	-0.655	-0.658	-0.673	-0.603	-0.603	-0.603	-0.799	-0.790	-0.797	-0.790	-0.790	-0.790	-0.807	-0.791	-0.777	-0.740	-0.872	-0.873	-0.870	-0.803	-0.868	-0.738	-0.799	-0.736	-0.605	-0.873	-0.734	-0.637	-0.880	-0.730	-0.730	-0.735	-0.733	-0.672	-0.673	-0.673	-0.684	-0.685	-0.784	-0.793	-0.750	-0.679	-0.693	-0.793	-0.687	-0.687	-0.787	-0.793	-0.696	-0.703	-0.686	-0.734	-0.690	-0.685	-0.678	-0.690	-0.684	-0.684	-0.683	-0.683	-0.683	-0.683	-0.689	-0.689	-0.689	-0.689	-0.689	-0.689	-0.858	-0.689	-0.689	-0.675	-0.645	-0.644	-0.658	-0.662	-0.669	-0.667	-0.753	-0.754	-0.760	-0.804	-0.809	-0.806	-0.807	-0.806	-0.805	-0.803	-0.810	-0.806	-0.810	-0.804	-0.802	-0.803	-0.913	-0.802	-0.802	-0.802	-0.913	-0.913	-0.913	-0.913	-0.913	-0.806	-0.805	-0.812	-0.812	-0.914	-0.913	-0.913	-0.913	-0.913	-0.913	-0.810	
rs72948017     -0.769	-0.767	-0.769	-0.767	-0.761	-0.761	-0.758	-0.712	-0.457	-0.911	-0.896	-0.879	-0.704	-0.712	-0.715	-0.730	-0.661	-0.661	-0.661	-0.854	-0.851	-0.858	-0.852	-0.852	-0.851	-0.867	-0.852	-0.836	-0.795	-0.927	-0.927	-0.925	-0.844	-0.922	-0.790	-0.840	-0.789	-0.663	-0.927	-0.786	-0.694	-0.935	-0.782	-0.782	-0.787	-0.785	-0.729	-0.729	-0.730	-0.742	-0.742	-0.824	-0.834	-0.788	-0.736	-0.750	-0.834	-0.744	-0.744	-0.827	-0.834	-0.752	-0.759	-0.743	-0.786	-0.747	-0.742	-0.735	-0.747	-0.741	-0.741	-0.741	-0.741	-0.741	-0.740	-0.746	-0.746	-0.746	-0.746	-0.746	-0.746	-0.916	-0.746	-0.746	-0.733	-0.703	-0.703	-0.716	-0.719	-0.726	-0.725	-0.815	-0.816	-0.822	-0.865	-0.870	-0.867	-0.868	-0.867	-0.866	-0.864	-0.871	-0.867	-0.870	-0.865	-0.863	-0.864	-0.968	-0.863	-0.863	-0.863	-0.969	-0.968	-0.969	-0.968	-0.969	-0.867	-0.866	-0.873	-0.873	-0.969	-0.969	-0.969	-0.969	-0.969	-0.969	-0.871	
rs2063301      -0.870	-0.877	-0.879	-0.877	-0.871	-0.871	-0.867	-0.827	-0.911	-0.599	-0.710	-0.666	-0.839	-0.847	-0.850	-0.865	-0.797	-0.797	-0.797	-0.991	-0.981	-0.988	-0.982	-0.982	-0.982	-0.997	-0.982	-0.971	-0.928	-1.056	-1.057	-1.054	-0.968	-1.051	-0.924	-0.964	-0.923	-0.799	-1.057	-0.920	-0.829	-1.065	-0.916	-0.916	-0.921	-0.919	-0.863	-0.863	-0.864	-0.874	-0.875	-0.947	-0.958	-0.911	-0.870	-0.883	-0.957	-0.877	-0.877	-0.950	-0.957	-0.885	-0.892	-0.876	-0.921	-0.880	-0.875	-0.868	-0.880	-0.874	-0.874	-0.873	-0.873	-0.873	-0.873	-0.879	-0.879	-0.879	-0.879	-0.879	-0.879	-1.046	-0.879	-0.879	-0.866	-0.837	-0.836	-0.849	-0.853	-0.859	-0.858	-0.943	-0.944	-0.950	-0.993	-0.998	-0.995	-0.996	-0.995	-0.994	-0.992	-0.999	-0.995	-0.999	-0.993	-0.991	-0.992	-1.098	-0.991	-0.991	-0.991	-1.099	-1.098	-1.099	-1.098	-1.099	-0.995	-0.994	-1.001	-1.001	-1.099	-1.099	-1.099	-1.098	-1.098	-1.098	-0.999	
rs6566897      -0.850	-0.858	-0.860	-0.858	-0.852	-0.852	-0.848	-0.808	-0.896	-0.710	-0.583	-0.700	-0.824	-0.832	-0.834	-0.849	-0.781	-0.781	-0.781	-0.977	-0.966	-0.973	-0.967	-0.967	-0.966	-0.982	-0.967	-0.956	-0.913	-1.041	-1.041	-1.039	-0.951	-1.036	-0.909	-0.947	-0.908	-0.784	-1.041	-0.905	-0.813	-1.049	-0.901	-0.901	-0.906	-0.904	-0.847	-0.848	-0.848	-0.859	-0.859	-0.930	-0.941	-0.894	-0.854	-0.867	-0.941	-0.862	-0.862	-0.933	-0.941	-0.870	-0.877	-0.861	-0.906	-0.865	-0.860	-0.853	-0.865	-0.858	-0.858	-0.858	-0.858	-0.858	-0.858	-0.864	-0.864	-0.864	-0.864	-0.864	-0.864	-1.031	-0.863	-0.864	-0.850	-0.821	-0.820	-0.834	-0.837	-0.844	-0.842	-0.928	-0.929	-0.935	-0.977	-0.983	-0.980	-0.981	-0.980	-0.979	-0.977	-0.984	-0.980	-0.983	-0.977	-0.976	-0.977	-1.083	-0.976	-0.976	-0.976	-1.084	-1.083	-1.083	-1.083	-1.084	-0.980	-0.979	-0.986	-0.986	-1.084	-1.083	-1.083	-1.083	-1.083	-1.083	-0.984	
rs12959787     -0.828	-0.838	-0.840	-0.838	-0.831	-0.831	-0.828	-0.788	-0.879	-0.666	-0.700	-0.566	-0.807	-0.815	-0.818	-0.833	-0.765	-0.764	-0.764	-0.962	-0.950	-0.956	-0.950	-0.950	-0.950	-0.966	-0.951	-0.941	-0.896	-1.025	-1.025	-1.022	-0.933	-1.019	-0.893	-0.929	-0.892	-0.767	-1.025	-0.889	-0.797	-1.033	-0.885	-0.885	-0.890	-0.888	-0.831	-0.831	-0.832	-0.842	-0.843	-0.912	-0.923	-0.875	-0.838	-0.851	-0.923	-0.845	-0.845	-0.915	-0.922	-0.854	-0.860	-0.844	-0.889	-0.848	-0.843	-0.837	-0.848	-0.842	-0.842	-0.842	-0.841	-0.842	-0.841	-0.847	-0.847	-0.847	-0.847	-0.847	-0.847	-1.015	-0.847	-0.847	-0.834	-0.805	-0.804	-0.817	-0.821	-0.828	-0.826	-0.912	-0.913	-0.919	-0.961	-0.967	-0.963	-0.965	-0.963	-0.963	-0.961	-0.968	-0.964	-0.967	-0.961	-0.960	-0.960	-1.067	-0.960	-0.960	-0.959	-1.067	-1.067	-1.067	-1.067	-1.067	-0.963	-0.963	-0.970	-0.970	-1.068	-1.067	-1.067	-1.067	-1.067	-1.067	-0.968	
rs2663845      -0.722	-0.709	-0.711	-0.709	-0.704	-0.704	-0.701	-0.646	-0.704	-0.839	-0.824	-0.807	-0.379	-0.497	-0.497	-0.503	-0.471	-0.471	-0.470	-0.669	-0.748	-0.749	-0.748	-0.748	-0.749	-0.749	-0.748	-0.776	-0.725	-0.840	-0.841	-0.840	-0.799	-0.840	-0.724	-0.795	-0.723	-0.536	-0.842	-0.720	-0.573	-0.844	-0.717	-0.717	-0.721	-0.720	-0.595	-0.595	-0.596	-0.606	-0.606	-0.780	-0.789	-0.748	-0.599	-0.609	-0.789	-0.607	-0.607	-0.783	-0.789	-0.606	-0.612	-0.607	-0.721	-0.609	-0.606	-0.603	-0.608	-0.606	-0.606	-0.606	-0.606	-0.606	-0.606	-0.608	-0.608	-0.608	-0.608	-0.608	-0.608	-0.833	-0.608	-0.608	-0.602	-0.583	-0.583	-0.591	-0.594	-0.599	-0.598	-0.763	-0.763	-0.769	-0.808	-0.813	-0.810	-0.811	-0.810	-0.810	-0.808	-0.814	-0.811	-0.814	-0.808	-0.807	-0.808	-0.893	-0.807	-0.807	-0.807	-0.894	-0.894	-0.894	-0.894	-0.894	-0.810	-0.810	-0.816	-0.816	-0.894	-0.894	-0.894	-0.894	-0.894	-0.894	-0.814	
rs1509507      -0.730	-0.717	-0.719	-0.717	-0.712	-0.712	-0.709	-0.655	-0.712	-0.847	-0.832	-0.815	-0.497	-0.388	-0.498	-0.509	-0.463	-0.463	-0.462	-0.680	-0.755	-0.756	-0.755	-0.755	-0.755	-0.757	-0.755	-0.783	-0.733	-0.847	-0.848	-0.848	-0.805	-0.847	-0.732	-0.802	-0.731	-0.536	-0.850	-0.728	-0.575	-0.852	-0.724	-0.725	-0.729	-0.728	-0.600	-0.600	-0.601	-0.611	-0.611	-0.787	-0.796	-0.755	-0.605	-0.615	-0.796	-0.613	-0.613	-0.790	-0.796	-0.612	-0.619	-0.612	-0.729	-0.615	-0.612	-0.609	-0.614	-0.611	-0.611	-0.611	-0.611	-0.611	-0.611	-0.614	-0.614	-0.614	-0.614	-0.614	-0.614	-0.842	-0.614	-0.614	-0.607	-0.587	-0.586	-0.595	-0.598	-0.604	-0.603	-0.770	-0.770	-0.776	-0.816	-0.820	-0.817	-0.818	-0.817	-0.817	-0.815	-0.821	-0.818	-0.821	-0.815	-0.814	-0.815	-0.901	-0.814	-0.814	-0.814	-0.902	-0.902	-0.902	-0.902	-0.902	-0.817	-0.817	-0.823	-0.823	-0.902	-0.902	-0.902	-0.902	-0.902	-0.902	-0.822	
rs1509506      -0.732	-0.720	-0.721	-0.719	-0.714	-0.714	-0.711	-0.658	-0.715	-0.850	-0.834	-0.818	-0.497	-0.498	-0.391	-0.513	-0.460	-0.460	-0.460	-0.685	-0.758	-0.759	-0.758	-0.758	-0.758	-0.760	-0.758	-0.786	-0.736	-0.850	-0.851	-0.851	-0.807	-0.850	-0.735	-0.804	-0.733	-0.535	-0.852	-0.731	-0.576	-0.855	-0.727	-0.727	-0.732	-0.730	-0.602	-0.602	-0.602	-0.613	-0.613	-0.789	-0.798	-0.757	-0.607	-0.618	-0.798	-0.615	-0.615	-0.791	-0.798	-0.615	-0.622	-0.615	-0.731	-0.617	-0.614	-0.610	-0.616	-0.613	-0.613	-0.613	-0.613	-0.613	-0.613	-0.616	-0.616	-0.616	-0.616	-0.616	-0.616	-0.845	-0.616	-0.616	-0.608	-0.588	-0.587	-0.597	-0.600	-0.606	-0.605	-0.772	-0.772	-0.778	-0.818	-0.822	-0.820	-0.821	-0.820	-0.819	-0.817	-0.823	-0.820	-0.823	-0.818	-0.816	-0.817	-0.904	-0.816	-0.816	-0.816	-0.904	-0.904	-0.905	-0.905	-0.905	-0.820	-0.819	-0.825	-0.825	-0.905	-0.905	-0.905	-0.905	-0.905	-0.905	-0.824	
rs12457969     -0.744	-0.733	-0.735	-0.733	-0.728	-0.728	-0.725	-0.673	-0.730	-0.865	-0.849	-0.833	-0.503	-0.509	-0.513	-0.406	-0.450	-0.449	-0.449	-0.711	-0.771	-0.773	-0.771	-0.771	-0.771	-0.776	-0.771	-0.799	-0.750	-0.864	-0.865	-0.864	-0.818	-0.863	-0.748	-0.814	-0.747	-0.534	-0.866	-0.745	-0.579	-0.870	-0.741	-0.741	-0.745	-0.744	-0.611	-0.611	-0.611	-0.624	-0.624	-0.799	-0.808	-0.766	-0.617	-0.629	-0.808	-0.626	-0.626	-0.802	-0.808	-0.628	-0.635	-0.625	-0.745	-0.628	-0.625	-0.620	-0.628	-0.624	-0.623	-0.623	-0.623	-0.623	-0.623	-0.627	-0.627	-0.627	-0.627	-0.627	-0.627	-0.859	-0.627	-0.627	-0.618	-0.593	-0.593	-0.604	-0.607	-0.615	-0.614	-0.783	-0.783	-0.789	-0.829	-0.834	-0.831	-0.832	-0.831	-0.831	-0.829	-0.835	-0.831	-0.835	-0.829	-0.828	-0.829	-0.918	-0.828	-0.828	-0.828	-0.919	-0.918	-0.919	-0.918	-0.919	-0.831	-0.831	-0.837	-0.837	-0.919	-0.919	-0.919	-0.919	-0.919	-0.919	-0.836	
rs11152034     -0.684	-0.668	-0.670	-0.668	-0.663	-0.663	-0.660	-0.603	-0.661	-0.797	-0.781	-0.765	-0.471	-0.463	-0.460	-0.450	-0.332	-0.434	-0.434	-0.606	-0.707	-0.706	-0.707	-0.707	-0.708	-0.703	-0.707	-0.738	-0.683	-0.799	-0.800	-0.800	-0.764	-0.801	-0.683	-0.761	-0.682	-0.523	-0.802	-0.680	-0.552	-0.803	-0.676	-0.676	-0.681	-0.679	-0.547	-0.547	-0.547	-0.556	-0.556	-0.747	-0.755	-0.716	-0.548	-0.555	-0.755	-0.556	-0.556	-0.749	-0.755	-0.546	-0.553	-0.556	-0.680	-0.557	-0.556	-0.557	-0.555	-0.557	-0.557	-0.557	-0.557	-0.557	-0.557	-0.556	-0.556	-0.556	-0.556	-0.556	-0.556	-0.789	-0.556	-0.556	-0.556	-0.547	-0.547	-0.551	-0.554	-0.556	-0.556	-0.729	-0.730	-0.735	-0.773	-0.777	-0.775	-0.776	-0.775	-0.774	-0.773	-0.778	-0.775	-0.778	-0.773	-0.771	-0.772	-0.851	-0.771	-0.772	-0.771	-0.852	-0.852	-0.852	-0.852	-0.852	-0.775	-0.774	-0.780	-0.780	-0.852	-0.852	-0.852	-0.852	-0.853	-0.853	-0.779	
rs1039830      -0.684	-0.668	-0.670	-0.667	-0.663	-0.662	-0.660	-0.603	-0.661	-0.797	-0.781	-0.764	-0.471	-0.463	-0.460	-0.449	-0.434	-0.332	-0.434	-0.606	-0.707	-0.706	-0.707	-0.707	-0.707	-0.702	-0.706	-0.738	-0.683	-0.798	-0.800	-0.800	-0.764	-0.800	-0.683	-0.761	-0.682	-0.523	-0.801	-0.679	-0.551	-0.802	-0.676	-0.676	-0.680	-0.679	-0.547	-0.547	-0.547	-0.555	-0.555	-0.746	-0.755	-0.715	-0.548	-0.555	-0.755	-0.556	-0.556	-0.749	-0.755	-0.545	-0.552	-0.555	-0.680	-0.556	-0.555	-0.556	-0.555	-0.556	-0.556	-0.556	-0.556	-0.556	-0.556	-0.556	-0.556	-0.556	-0.556	-0.556	-0.556	-0.788	-0.556	-0.556	-0.555	-0.547	-0.547	-0.551	-0.553	-0.555	-0.555	-0.729	-0.729	-0.735	-0.773	-0.777	-0.774	-0.775	-0.774	-0.774	-0.772	-0.778	-0.775	-0.778	-0.773	-0.771	-0.772	-0.851	-0.771	-0.771	-0.771	-0.852	-0.852	-0.852	-0.852	-0.852	-0.774	-0.774	-0.780	-0.780	-0.852	-0.852	-0.852	-0.852	-0.852	-0.852	-0.778	
rs1039831      -0.683	-0.668	-0.669	-0.667	-0.662	-0.662	-0.660	-0.603	-0.661	-0.797	-0.781	-0.764	-0.470	-0.462	-0.460	-0.449	-0.434	-0.434	-0.331	-0.605	-0.707	-0.706	-0.707	-0.707	-0.707	-0.702	-0.706	-0.738	-0.683	-0.798	-0.800	-0.800	-0.764	-0.800	-0.683	-0.761	-0.681	-0.523	-0.801	-0.679	-0.551	-0.802	-0.676	-0.676	-0.680	-0.679	-0.546	-0.547	-0.547	-0.555	-0.555	-0.746	-0.755	-0.715	-0.548	-0.555	-0.755	-0.555	-0.555	-0.749	-0.755	-0.545	-0.552	-0.555	-0.680	-0.556	-0.555	-0.556	-0.555	-0.556	-0.556	-0.556	-0.556	-0.556	-0.556	-0.556	-0.556	-0.556	-0.556	-0.556	-0.556	-0.788	-0.556	-0.556	-0.555	-0.547	-0.547	-0.551	-0.553	-0.555	-0.555	-0.729	-0.729	-0.735	-0.772	-0.777	-0.774	-0.775	-0.774	-0.774	-0.772	-0.778	-0.774	-0.778	-0.772	-0.771	-0.772	-0.851	-0.771	-0.771	-0.771	-0.852	-0.852	-0.852	-0.852	-0.852	-0.774	-0.774	-0.780	-0.780	-0.852	-0.852	-0.852	-0.852	-0.852	-0.852	-0.778	
rs2663862      -0.849	-0.849	-0.850	-0.848	-0.843	-0.843	-0.840	-0.799	-0.854	-0.991	-0.977	-0.962	-0.669	-0.680	-0.685	-0.711	-0.606	-0.606	-0.605	-0.540	-0.677	-0.700	-0.678	-0.677	-0.677	-0.739	-0.685	-0.883	-0.843	-0.673	-0.673	-0.656	-0.782	-0.639	-0.852	-0.777	-0.852	-0.619	-0.672	-0.851	-0.667	-0.729	-0.848	-0.848	-0.852	-0.851	-0.723	-0.724	-0.724	-0.738	-0.739	-0.759	-0.774	-0.712	-0.734	-0.751	-0.774	-0.743	-0.743	-0.764	-0.774	-0.759	-0.767	-0.742	-0.852	-0.747	-0.740	-0.730	-0.747	-0.738	-0.737	-0.737	-0.737	-0.737	-0.737	-0.745	-0.745	-0.745	-0.745	-0.745	-0.745	-0.990	-0.745	-0.745	-0.726	-0.686	-0.685	-0.703	-0.707	-0.720	-0.717	-0.901	-0.902	-0.908	-0.949	-0.954	-0.951	-0.952	-0.951	-0.950	-0.948	-0.955	-0.951	-0.954	-0.949	-0.947	-0.948	-1.042	-0.947	-0.947	-0.947	-1.043	-1.042	-1.043	-1.042	-1.043	-0.951	-0.950	-0.956	-0.956	-1.043	-1.042	-1.042	-1.042	-1.042	-1.042	-0.955	
rs2850237      -0.856	-0.847	-0.849	-0.847	-0.842	-0.842	-0.839	-0.790	-0.851	-0.981	-0.966	-0.950	-0.748	-0.755	-0.758	-0.771	-0.707	-0.707	-0.707	-0.677	-0.535	-0.662	-0.663	-0.663	-0.665	-0.640	-0.673	-0.859	-0.809	-0.928	-0.929	-0.929	-0.921	-0.928	-0.790	-0.917	-0.786	-0.718	-0.931	-0.781	-0.751	-0.936	-0.777	-0.777	-0.783	-0.780	-0.782	-0.783	-0.783	-0.794	-0.794	-0.903	-0.912	-0.869	-0.788	-0.801	-0.912	-0.797	-0.797	-0.906	-0.912	-0.802	-0.809	-0.796	-0.783	-0.799	-0.795	-0.789	-0.799	-0.794	-0.794	-0.793	-0.793	-0.793	-0.793	-0.798	-0.798	-0.798	-0.798	-0.798	-0.798	-0.985	-0.798	-0.798	-0.787	-0.760	-0.759	-0.771	-0.775	-0.781	-0.780	-0.888	-0.889	-0.895	-0.937	-0.942	-0.939	-0.940	-0.939	-0.939	-0.937	-0.943	-0.939	-0.943	-0.937	-0.935	-0.936	-1.038	-0.935	-0.936	-0.935	-1.039	-1.038	-1.039	-1.038	-1.039	-0.939	-0.938	-0.945	-0.945	-1.039	-1.039	-1.039	-1.039	-1.039	-1.039	-0.944	
rs2571229      -0.862	-0.854	-0.856	-0.853	-0.848	-0.848	-0.845	-0.797	-0.858	-0.988	-0.973	-0.956	-0.749	-0.756	-0.759	-0.773	-0.706	-0.706	-0.706	-0.700	-0.662	-0.542	-0.662	-0.662	-0.664	-0.669	-0.675	-0.869	-0.817	-0.933	-0.935	-0.934	-0.923	-0.933	-0.800	-0.919	-0.797	-0.718	-0.937	-0.792	-0.751	-0.943	-0.788	-0.788	-0.794	-0.791	-0.784	-0.785	-0.785	-0.797	-0.797	-0.904	-0.914	-0.870	-0.791	-0.804	-0.914	-0.799	-0.799	-0.907	-0.914	-0.806	-0.813	-0.799	-0.794	-0.802	-0.798	-0.791	-0.802	-0.796	-0.796	-0.796	-0.796	-0.796	-0.796	-0.801	-0.801	-0.801	-0.801	-0.801	-0.801	-0.990	-0.801	-0.801	-0.789	-0.761	-0.760	-0.773	-0.776	-0.784	-0.782	-0.894	-0.895	-0.901	-0.943	-0.948	-0.945	-0.946	-0.945	-0.944	-0.942	-0.949	-0.945	-0.949	-0.943	-0.941	-0.942	-1.044	-0.941	-0.942	-0.941	-1.045	-1.045	-1.045	-1.045	-1.045	-0.945	-0.944	-0.951	-0.951	-1.045	-1.045	-1.045	-1.045	-1.045	-1.045	-0.949	
rs2571230      -0.856	-0.848	-0.850	-0.847	-0.842	-0.842	-0.839	-0.790	-0.852	-0.982	-0.967	-0.950	-0.748	-0.755	-0.758	-0.771	-0.707	-0.707	-0.707	-0.678	-0.663	-0.662	-0.536	-0.663	-0.665	-0.641	-0.673	-0.860	-0.809	-0.928	-0.930	-0.929	-0.921	-0.929	-0.790	-0.918	-0.786	-0.718	-0.932	-0.781	-0.751	-0.937	-0.778	-0.778	-0.784	-0.781	-0.782	-0.783	-0.783	-0.794	-0.795	-0.903	-0.912	-0.869	-0.789	-0.801	-0.912	-0.797	-0.797	-0.906	-0.912	-0.803	-0.810	-0.796	-0.784	-0.799	-0.795	-0.789	-0.799	-0.794	-0.794	-0.794	-0.794	-0.794	-0.794	-0.798	-0.798	-0.798	-0.798	-0.798	-0.798	-0.985	-0.798	-0.798	-0.787	-0.760	-0.759	-0.771	-0.775	-0.782	-0.780	-0.889	-0.889	-0.896	-0.937	-0.942	-0.939	-0.941	-0.939	-0.939	-0.937	-0.944	-0.940	-0.943	-0.937	-0.936	-0.937	-1.039	-0.936	-0.936	-0.936	-1.039	-1.039	-1.039	-1.039	-1.039	-0.940	-0.939	-0.946	-0.946	-1.039	-1.039	-1.039	-1.039	-1.039	-1.039	-0.944	
rs2571235      -0.856	-0.848	-0.850	-0.847	-0.842	-0.842	-0.839	-0.790	-0.852	-0.982	-0.967	-0.950	-0.748	-0.755	-0.758	-0.771	-0.707	-0.707	-0.707	-0.677	-0.663	-0.662	-0.663	-0.536	-0.665	-0.640	-0.673	-0.860	-0.809	-0.928	-0.930	-0.929	-0.921	-0.928	-0.790	-0.918	-0.786	-0.718	-0.931	-0.781	-0.751	-0.937	-0.778	-0.778	-0.783	-0.781	-0.782	-0.783	-0.783	-0.794	-0.795	-0.903	-0.912	-0.869	-0.789	-0.801	-0.912	-0.797	-0.797	-0.906	-0.912	-0.803	-0.809	-0.796	-0.784	-0.799	-0.795	-0.789	-0.799	-0.794	-0.794	-0.794	-0.794	-0.794	-0.794	-0.798	-0.798	-0.798	-0.798	-0.798	-0.798	-0.985	-0.798	-0.798	-0.787	-0.760	-0.759	-0.771	-0.775	-0.782	-0.780	-0.889	-0.889	-0.895	-0.937	-0.942	-0.939	-0.940	-0.939	-0.939	-0.937	-0.943	-0.940	-0.943	-0.937	-0.936	-0.936	-1.039	-0.936	-0.936	-0.935	-1.039	-1.039	-1.039	-1.039	-1.039	-0.939	-0.939	-0.946	-0.945	-1.039	-1.039	-1.039	-1.039	-1.039	-1.039	-0.944	
rs2571233      -0.856	-0.847	-0.849	-0.847	-0.842	-0.842	-0.839	-0.790	-0.851	-0.982	-0.966	-0.950	-0.749	-0.755	-0.758	-0.771	-0.708	-0.707	-0.707	-0.677	-0.665	-0.664	-0.665	-0.665	-0.536	-0.642	-0.674	-0.859	-0.809	-0.928	-0.929	-0.929	-0.921	-0.928	-0.790	-0.918	-0.786	-0.719	-0.931	-0.781	-0.751	-0.937	-0.777	-0.777	-0.783	-0.780	-0.782	-0.783	-0.783	-0.794	-0.795	-0.903	-0.913	-0.869	-0.789	-0.801	-0.912	-0.797	-0.797	-0.906	-0.912	-0.803	-0.809	-0.796	-0.783	-0.799	-0.795	-0.789	-0.799	-0.794	-0.794	-0.794	-0.794	-0.794	-0.794	-0.798	-0.798	-0.798	-0.798	-0.798	-0.798	-0.985	-0.798	-0.798	-0.787	-0.760	-0.759	-0.772	-0.775	-0.782	-0.780	-0.889	-0.889	-0.895	-0.937	-0.942	-0.939	-0.940	-0.939	-0.939	-0.937	-0.943	-0.939	-0.943	-0.937	-0.936	-0.936	-1.038	-0.936	-0.936	-0.935	-1.039	-1.039	-1.039	-1.039	-1.039	-0.939	-0.939	-0.946	-0.945	-1.039	-1.039	-1.039	-1.039	-1.039	-1.039	-0.944	
rs2571232      -0.870	-0.863	-0.865	-0.863	-0.858	-0.858	-0.855	-0.807	-0.867	-0.997	-0.982	-0.966	-0.749	-0.757	-0.760	-0.776	-0.703	-0.702	-0.702	-0.739	-0.640	-0.669	-0.641	-0.640	-0.642	-0.552	-0.661	-0.885	-0.830	-0.941	-0.943	-0.941	-0.925	-0.939	-0.816	-0.921	-0.813	-0.714	-0.944	-0.809	-0.750	-0.953	-0.805	-0.805	-0.811	-0.808	-0.786	-0.786	-0.787	-0.799	-0.800	-0.906	-0.916	-0.870	-0.793	-0.807	-0.916	-0.802	-0.802	-0.909	-0.916	-0.809	-0.817	-0.801	-0.811	-0.805	-0.800	-0.793	-0.805	-0.799	-0.799	-0.798	-0.798	-0.798	-0.798	-0.804	-0.804	-0.804	-0.804	-0.804	-0.804	-0.999	-0.804	-0.804	-0.791	-0.761	-0.761	-0.774	-0.777	-0.785	-0.783	-0.902	-0.903	-0.909	-0.951	-0.956	-0.953	-0.954	-0.953	-0.953	-0.951	-0.957	-0.953	-0.957	-0.951	-0.950	-0.950	-1.053	-0.950	-0.950	-0.949	-1.054	-1.053	-1.054	-1.053	-1.054	-0.953	-0.953	-0.960	-0.959	-1.054	-1.054	-1.054	-1.054	-1.053	-1.054	-0.958	
rs2850224      -0.857	-0.848	-0.850	-0.848	-0.843	-0.843	-0.840	-0.791	-0.852	-0.982	-0.967	-0.951	-0.748	-0.755	-0.758	-0.771	-0.707	-0.706	-0.706	-0.685	-0.673	-0.675	-0.673	-0.673	-0.674	-0.661	-0.536	-0.861	-0.809	-0.926	-0.928	-0.927	-0.920	-0.927	-0.790	-0.917	-0.787	-0.716	-0.930	-0.781	-0.749	-0.935	-0.778	-0.778	-0.784	-0.781	-0.781	-0.781	-0.781	-0.793	-0.793	-0.902	-0.912	-0.868	-0.787	-0.800	-0.912	-0.795	-0.795	-0.905	-0.911	-0.801	-0.808	-0.795	-0.784	-0.798	-0.794	-0.788	-0.798	-0.793	-0.792	-0.792	-0.792	-0.792	-0.792	-0.797	-0.797	-0.797	-0.797	-0.797	-0.797	-0.985	-0.797	-0.797	-0.785	-0.758	-0.758	-0.770	-0.773	-0.780	-0.778	-0.889	-0.890	-0.896	-0.938	-0.943	-0.940	-0.941	-0.940	-0.940	-0.938	-0.944	-0.940	-0.944	-0.938	-0.936	-0.937	-1.039	-0.936	-0.937	-0.936	-1.040	-1.039	-1.040	-1.039	-1.040	-0.940	-0.939	-0.946	-0.946	-1.040	-1.040	-1.040	-1.039	-1.039	-1.040	-0.945	
rs2571238      -0.842	-0.833	-0.835	-0.833	-0.828	-0.828	-0.825	-0.777	-0.836	-0.971	-0.956	-0.941	-0.776	-0.783	-0.786	-0.799	-0.738	-0.738	-0.738	-0.883	-0.859	-0.869	-0.860	-0.860	-0.859	-0.885	-0.861	-0.521	-0.775	-0.786	-0.784	-0.773	-0.789	-0.761	-0.788	-0.784	-0.789	-0.739	-0.781	-0.790	-0.768	-0.822	-0.788	-0.788	-0.790	-0.790	-0.799	-0.799	-0.800	-0.810	-0.810	-0.765	-0.780	-0.722	-0.805	-0.817	-0.780	-0.813	-0.813	-0.770	-0.779	-0.819	-0.825	-0.812	-0.791	-0.815	-0.811	-0.805	-0.815	-0.810	-0.809	-0.809	-0.809	-0.809	-0.809	-0.814	-0.814	-0.814	-0.814	-0.814	-0.814	-0.952	-0.814	-0.814	-0.802	-0.775	-0.775	-0.787	-0.790	-0.796	-0.794	-0.889	-0.890	-0.896	-0.934	-0.939	-0.936	-0.937	-0.936	-0.936	-0.934	-0.940	-0.936	-0.940	-0.934	-0.933	-0.934	-1.025	-0.933	-0.933	-0.933	-1.025	-1.025	-1.025	-1.025	-1.025	-0.936	-0.936	-0.942	-0.942	-1.026	-1.025	-1.025	-1.025	-1.025	-1.026	-0.940	
rs9963996      -0.798	-0.793	-0.795	-0.793	-0.788	-0.788	-0.785	-0.740	-0.795	-0.928	-0.913	-0.896	-0.725	-0.733	-0.736	-0.750	-0.683	-0.683	-0.683	-0.843	-0.809	-0.817	-0.809	-0.809	-0.809	-0.830	-0.809	-0.775	-0.475	-0.901	-0.901	-0.898	-0.843	-0.894	-0.586	-0.839	-0.579	-0.685	-0.901	-0.569	-0.714	-0.913	-0.573	-0.573	-0.576	-0.571	-0.748	-0.748	-0.749	-0.760	-0.760	-0.822	-0.833	-0.785	-0.755	-0.768	-0.833	-0.762	-0.762	-0.826	-0.833	-0.770	-0.777	-0.762	-0.585	-0.765	-0.761	-0.754	-0.765	-0.759	-0.759	-0.759	-0.759	-0.759	-0.759	-0.764	-0.764	-0.764	-0.764	-0.764	-0.764	-0.890	-0.764	-0.764	-0.751	-0.722	-0.721	-0.734	-0.738	-0.745	-0.743	-0.827	-0.827	-0.834	-0.877	-0.882	-0.879	-0.880	-0.879	-0.878	-0.876	-0.883	-0.879	-0.882	-0.876	-0.875	-0.876	-0.984	-0.875	-0.875	-0.875	-0.985	-0.984	-0.984	-0.984	-0.985	-0.879	-0.878	-0.885	-0.885	-0.985	-0.984	-0.984	-0.984	-0.984	-0.984	-0.883	
rs2156440      -0.932	-0.926	-0.927	-0.925	-0.920	-0.920	-0.918	-0.872	-0.927	-1.056	-1.041	-1.025	-0.840	-0.847	-0.850	-0.864	-0.799	-0.798	-0.798	-0.673	-0.928	-0.933	-0.928	-0.928	-0.928	-0.941	-0.926	-0.786	-0.901	-0.616	-0.754	-0.755	-0.944	-0.753	-0.889	-0.941	-0.886	-0.788	-0.769	-0.881	-0.822	-0.816	-0.878	-0.878	-0.883	-0.881	-0.863	-0.864	-0.864	-0.876	-0.876	-0.926	-0.937	-0.888	-0.870	-0.884	-0.937	-0.879	-0.879	-0.929	-0.937	-0.886	-0.893	-0.878	-0.884	-0.881	-0.877	-0.870	-0.882	-0.876	-0.875	-0.875	-0.875	-0.875	-0.875	-0.880	-0.880	-0.880	-0.880	-0.880	-0.880	-1.063	-0.880	-0.880	-0.868	-0.840	-0.839	-0.852	-0.855	-0.862	-0.860	-0.954	-0.955	-0.961	-1.004	-1.009	-1.006	-1.007	-1.006	-1.006	-1.004	-1.011	-1.007	-1.010	-1.004	-1.003	-1.003	-1.115	-1.003	-1.003	-1.002	-1.115	-1.115	-1.115	-1.115	-1.115	-1.006	-1.006	-1.013	-1.013	-1.116	-1.115	-1.115	-1.115	-1.115	-1.115	-1.011	
rs2187324      -0.932	-0.926	-0.928	-0.925	-0.921	-0.921	-0.918	-0.873	-0.927	-1.057	-1.041	-1.025	-0.841	-0.848	-0.851	-0.865	-0.800	-0.800	-0.800	-0.673	-0.929	-0.935	-0.930	-0.930	-0.929	-0.943	-0.928	-0.784	-0.901	-0.754	-0.616	-0.754	-0.946	-0.754	-0.888	-0.942	-0.885	-0.789	-0.769	-0.881	-0.823	-0.814	-0.878	-0.878	-0.883	-0.881	-0.864	-0.865	-0.865	-0.877	-0.877	-0.927	-0.939	-0.889	-0.871	-0.884	-0.938	-0.879	-0.879	-0.931	-0.938	-0.886	-0.894	-0.879	-0.883	-0.882	-0.878	-0.871	-0.882	-0.876	-0.876	-0.876	-0.876	-0.876	-0.876	-0.881	-0.881	-0.881	-0.881	-0.881	-0.881	-1.063	-0.881	-0.881	-0.868	-0.840	-0.840	-0.852	-0.856	-0.863	-0.861	-0.954	-0.955	-0.961	-1.004	-1.010	-1.006	-1.007	-1.006	-1.006	-1.004	-1.011	-1.007	-1.010	-1.004	-1.003	-1.003	-1.115	-1.003	-1.003	-1.002	-1.116	-1.115	-1.115	-1.115	-1.116	-1.006	-1.006	-1.013	-1.013	-1.116	-1.115	-1.115	-1.115	-1.115	-1.115	-1.011	
rs12457267     -0.930	-0.924	-0.926	-0.923	-0.919	-0.918	-0.916	-0.870	-0.925	-1.054	-1.039	-1.022	-0.840	-0.848	-0.851	-0.864	-0.800	-0.800	-0.800	-0.656	-0.929	-0.934	-0.929	-0.929	-0.929	-0.941	-0.927	-0.773	-0.898	-0.755	-0.754	-0.613	-0.948	-0.750	-0.884	-0.944	-0.881	-0.790	-0.758	-0.876	-0.823	-0.804	-0.873	-0.873	-0.878	-0.876	-0.864	-0.864	-0.864	-0.876	-0.876	-0.929	-0.941	-0.892	-0.870	-0.883	-0.941	-0.879	-0.879	-0.933	-0.940	-0.885	-0.892	-0.878	-0.879	-0.881	-0.877	-0.870	-0.881	-0.876	-0.875	-0.875	-0.875	-0.875	-0.875	-0.880	-0.880	-0.880	-0.880	-0.880	-0.880	-1.061	-0.880	-0.880	-0.868	-0.840	-0.839	-0.852	-0.855	-0.862	-0.860	-0.951	-0.952	-0.958	-1.001	-1.007	-1.004	-1.005	-1.004	-1.003	-1.001	-1.008	-1.004	-1.007	-1.001	-1.000	-1.001	-1.113	-1.000	-1.000	-1.000	-1.113	-1.113	-1.113	-1.113	-1.113	-1.004	-1.003	-1.010	-1.010	-1.114	-1.113	-1.113	-1.113	-1.113	-1.113	-1.008	
rs12457285     -0.864	-0.856	-0.857	-0.855	-0.851	-0.851	-0.848	-0.803	-0.844	-0.968	-0.951	-0.933	-0.799	-0.805	-0.807	-0.818	-0.764	-0.764	-0.764	-0.782	-0.921	-0.923	-0.921	-0.921	-0.921	-0.925	-0.920	-0.789	-0.843	-0.944	-0.946	-0.948	-0.534	-0.950	-0.828	-0.667	-0.824	-0.771	-0.949	-0.819	-0.795	-0.948	-0.815	-0.815	-0.821	-0.819	-0.819	-0.820	-0.820	-0.829	-0.829	-0.706	-0.717	-0.663	-0.825	-0.835	-0.717	-0.831	-0.831	-0.711	-0.718	-0.836	-0.842	-0.830	-0.821	-0.833	-0.830	-0.825	-0.833	-0.829	-0.829	-0.828	-0.828	-0.828	-0.828	-0.833	-0.833	-0.833	-0.833	-0.833	-0.833	-0.928	-0.833	-0.833	-0.822	-0.798	-0.798	-0.808	-0.812	-0.816	-0.815	-0.893	-0.894	-0.900	-0.939	-0.944	-0.942	-0.943	-0.942	-0.941	-0.939	-0.946	-0.942	-0.945	-0.940	-0.938	-0.939	-1.036	-0.938	-0.938	-0.938	-1.036	-1.036	-1.036	-1.036	-1.036	-0.942	-0.941	-0.948	-0.947	-1.037	-1.036	-1.036	-1.036	-1.036	-1.036	-0.946	
rs2571241      -0.927	-0.921	-0.923	-0.921	-0.916	-0.916	-0.913	-0.868	-0.922	-1.051	-1.036	-1.019	-0.840	-0.847	-0.850	-0.863	-0.801	-0.800	-0.800	-0.639	-0.928	-0.933	-0.929	-0.928	-0.928	-0.939	-0.927	-0.761	-0.894	-0.753	-0.754	-0.750	-0.950	-0.610	-0.879	-0.946	-0.876	-0.791	-0.756	-0.871	-0.824	-0.798	-0.868	-0.868	-0.873	-0.871	-0.863	-0.863	-0.864	-0.875	-0.875	-0.931	-0.942	-0.895	-0.869	-0.882	-0.942	-0.878	-0.878	-0.935	-0.942	-0.884	-0.891	-0.877	-0.873	-0.880	-0.876	-0.870	-0.880	-0.875	-0.874	-0.874	-0.874	-0.874	-0.874	-0.879	-0.879	-0.879	-0.879	-0.879	-0.879	-1.058	-0.879	-0.879	-0.867	-0.840	-0.839	-0.851	-0.855	-0.861	-0.860	-0.947	-0.948	-0.954	-0.998	-1.003	-1.000	-1.001	-1.000	-0.999	-0.997	-1.004	-1.000	-1.004	-0.998	-0.996	-0.997	-1.110	-0.996	-0.996	-0.996	-1.110	-1.110	-1.110	-1.110	-1.110	-1.000	-0.999	-1.007	-1.006	-1.111	-1.110	-1.110	-1.110	-1.110	-1.110	-1.005	
rs9960059      -0.797	-0.791	-0.793	-0.791	-0.786	-0.786	-0.783	-0.738	-0.790	-0.924	-0.909	-0.893	-0.724	-0.732	-0.735	-0.748	-0.683	-0.683	-0.683	-0.852	-0.790	-0.800	-0.790	-0.790	-0.790	-0.816	-0.790	-0.788	-0.586	-0.889	-0.888	-0.884	-0.828	-0.879	-0.471	-0.824	-0.590	-0.685	-0.887	-0.587	-0.714	-0.902	-0.591	-0.591	-0.591	-0.589	-0.747	-0.747	-0.748	-0.759	-0.759	-0.807	-0.818	-0.768	-0.754	-0.766	-0.818	-0.761	-0.761	-0.810	-0.818	-0.769	-0.776	-0.760	-0.599	-0.764	-0.759	-0.753	-0.764	-0.758	-0.758	-0.758	-0.758	-0.758	-0.758	-0.763	-0.763	-0.763	-0.763	-0.763	-0.763	-0.878	-0.763	-0.763	-0.750	-0.722	-0.721	-0.734	-0.737	-0.744	-0.742	-0.829	-0.830	-0.836	-0.878	-0.883	-0.880	-0.881	-0.880	-0.880	-0.878	-0.884	-0.880	-0.884	-0.878	-0.876	-0.877	-0.981	-0.876	-0.877	-0.876	-0.981	-0.981	-0.981	-0.981	-0.981	-0.880	-0.879	-0.886	-0.886	-0.982	-0.981	-0.981	-0.981	-0.981	-0.981	-0.885	
rs2448796      -0.861	-0.852	-0.854	-0.852	-0.847	-0.847	-0.845	-0.799	-0.840	-0.964	-0.947	-0.929	-0.795	-0.802	-0.804	-0.814	-0.761	-0.761	-0.761	-0.777	-0.917	-0.919	-0.918	-0.918	-0.918	-0.921	-0.917	-0.784	-0.839	-0.941	-0.942	-0.944	-0.667	-0.946	-0.824	-0.530	-0.820	-0.768	-0.945	-0.815	-0.792	-0.944	-0.811	-0.811	-0.817	-0.814	-0.816	-0.816	-0.817	-0.826	-0.826	-0.704	-0.714	-0.665	-0.821	-0.832	-0.714	-0.828	-0.828	-0.709	-0.715	-0.833	-0.838	-0.827	-0.816	-0.830	-0.826	-0.821	-0.830	-0.825	-0.825	-0.825	-0.825	-0.825	-0.825	-0.829	-0.829	-0.829	-0.829	-0.829	-0.829	-0.924	-0.829	-0.829	-0.819	-0.795	-0.794	-0.805	-0.808	-0.813	-0.811	-0.890	-0.890	-0.896	-0.936	-0.941	-0.938	-0.939	-0.938	-0.938	-0.936	-0.942	-0.938	-0.942	-0.936	-0.935	-0.935	-1.032	-0.935	-0.935	-0.934	-1.033	-1.032	-1.032	-1.032	-1.033	-0.938	-0.937	-0.945	-0.944	-1.033	-1.032	-1.032	-1.032	-1.032	-1.032	-0.942	
rs80322346     -0.795	-0.789	-0.791	-0.789	-0.784	-0.784	-0.781	-0.736	-0.789	-0.923	-0.908	-0.892	-0.723	-0.731	-0.733	-0.747	-0.682	-0.682	-0.681	-0.852	-0.786	-0.797	-0.786	-0.786	-0.786	-0.813	-0.787	-0.789	-0.579	-0.886	-0.885	-0.881	-0.824	-0.876	-0.590	-0.820	-0.469	-0.684	-0.884	-0.588	-0.713	-0.899	-0.592	-0.592	-0.591	-0.589	-0.746	-0.746	-0.746	-0.757	-0.758	-0.803	-0.814	-0.764	-0.752	-0.765	-0.814	-0.760	-0.760	-0.807	-0.814	-0.768	-0.774	-0.759	-0.599	-0.763	-0.758	-0.752	-0.763	-0.757	-0.756	-0.756	-0.756	-0.756	-0.756	-0.762	-0.762	-0.762	-0.762	-0.762	-0.762	-0.875	-0.762	-0.762	-0.749	-0.720	-0.720	-0.732	-0.736	-0.742	-0.741	-0.828	-0.829	-0.835	-0.877	-0.882	-0.879	-0.880	-0.879	-0.879	-0.877	-0.883	-0.879	-0.883	-0.877	-0.875	-0.876	-0.979	-0.875	-0.876	-0.875	-0.980	-0.979	-0.980	-0.979	-0.980	-0.879	-0.878	-0.885	-0.885	-0.980	-0.980	-0.980	-0.980	-0.979	-0.980	-0.884	
rs12607645     -0.686	-0.670	-0.672	-0.670	-0.665	-0.665	-0.662	-0.605	-0.663	-0.799	-0.784	-0.767	-0.536	-0.536	-0.535	-0.534	-0.523	-0.523	-0.523	-0.619	-0.718	-0.718	-0.718	-0.718	-0.719	-0.714	-0.716	-0.739	-0.685	-0.788	-0.789	-0.790	-0.771	-0.791	-0.685	-0.768	-0.684	-0.335	-0.791	-0.682	-0.487	-0.790	-0.678	-0.678	-0.682	-0.681	-0.543	-0.543	-0.543	-0.550	-0.550	-0.755	-0.763	-0.725	-0.543	-0.548	-0.763	-0.550	-0.550	-0.757	-0.763	-0.537	-0.544	-0.550	-0.682	-0.551	-0.550	-0.552	-0.549	-0.551	-0.551	-0.551	-0.551	-0.551	-0.551	-0.550	-0.550	-0.550	-0.550	-0.550	-0.550	-0.787	-0.550	-0.550	-0.552	-0.548	-0.548	-0.551	-0.552	-0.552	-0.552	-0.736	-0.736	-0.742	-0.778	-0.783	-0.780	-0.781	-0.780	-0.780	-0.778	-0.783	-0.780	-0.783	-0.778	-0.777	-0.777	-0.849	-0.777	-0.777	-0.777	-0.850	-0.850	-0.850	-0.850	-0.850	-0.780	-0.779	-0.785	-0.785	-0.850	-0.850	-0.850	-0.850	-0.850	-0.850	-0.784	
rs2850232      -0.932	-0.926	-0.928	-0.926	-0.921	-0.921	-0.918	-0.873	-0.927	-1.057	-1.041	-1.025	-0.842	-0.850	-0.852	-0.866	-0.802	-0.801	-0.801	-0.672	-0.931	-0.937	-0.932	-0.931	-0.931	-0.944	-0.930	-0.781	-0.901	-0.769	-0.769	-0.758	-0.949	-0.756	-0.887	-0.945	-0.884	-0.791	-0.616	-0.880	-0.824	-0.806	-0.876	-0.876	-0.882	-0.879	-0.865	-0.865	-0.866	-0.877	-0.878	-0.930	-0.941	-0.892	-0.872	-0.885	-0.941	-0.880	-0.880	-0.933	-0.941	-0.887	-0.894	-0.879	-0.882	-0.883	-0.878	-0.872	-0.883	-0.877	-0.877	-0.877	-0.877	-0.877	-0.877	-0.882	-0.882	-0.882	-0.882	-0.882	-0.882	-1.063	-0.882	-0.882	-0.869	-0.841	-0.841	-0.853	-0.856	-0.863	-0.862	-0.954	-0.954	-0.961	-1.004	-1.009	-1.006	-1.007	-1.006	-1.006	-1.004	-1.011	-1.007	-1.010	-1.004	-1.003	-1.003	-1.115	-1.003	-1.003	-1.002	-1.116	-1.115	-1.116	-1.115	-1.116	-1.006	-1.006	-1.013	-1.013	-1.116	-1.116	-1.116	-1.115	-1.115	-1.116	-1.011	
rs75059393     -0.793	-0.787	-0.789	-0.787	-0.782	-0.782	-0.779	-0.734	-0.786	-0.920	-0.905	-0.889	-0.720	-0.728	-0.731	-0.745	-0.680	-0.679	-0.679	-0.851	-0.781	-0.792	-0.781	-0.781	-0.781	-0.809	-0.781	-0.790	-0.569	-0.881	-0.881	-0.876	-0.819	-0.871	-0.587	-0.815	-0.588	-0.682	-0.880	-0.466	-0.711	-0.895	-0.591	-0.591	-0.588	-0.587	-0.743	-0.744	-0.744	-0.755	-0.755	-0.798	-0.809	-0.759	-0.750	-0.763	-0.809	-0.758	-0.758	-0.801	-0.809	-0.765	-0.772	-0.757	-0.595	-0.760	-0.756	-0.749	-0.760	-0.754	-0.754	-0.754	-0.754	-0.754	-0.754	-0.759	-0.759	-0.759	-0.759	-0.759	-0.759	-0.871	-0.759	-0.759	-0.747	-0.718	-0.718	-0.730	-0.734	-0.740	-0.739	-0.827	-0.827	-0.833	-0.875	-0.880	-0.877	-0.878	-0.877	-0.877	-0.875	-0.881	-0.877	-0.881	-0.875	-0.874	-0.874	-0.977	-0.874	-0.874	-0.873	-0.977	-0.977	-0.977	-0.977	-0.977	-0.877	-0.877	-0.883	-0.883	-0.977	-0.977	-0.977	-0.977	-0.977	-0.977	-0.882	
rs62094880     -0.714	-0.700	-0.701	-0.699	-0.694	-0.694	-0.692	-0.637	-0.694	-0.829	-0.813	-0.797	-0.573	-0.575	-0.576	-0.579	-0.552	-0.551	-0.551	-0.667	-0.751	-0.751	-0.751	-0.751	-0.751	-0.750	-0.749	-0.768	-0.714	-0.822	-0.823	-0.823	-0.795	-0.824	-0.714	-0.792	-0.713	-0.487	-0.824	-0.711	-0.368	-0.819	-0.707	-0.707	-0.711	-0.710	-0.557	-0.557	-0.558	-0.567	-0.567	-0.779	-0.788	-0.749	-0.558	-0.566	-0.787	-0.567	-0.567	-0.782	-0.787	-0.554	-0.562	-0.567	-0.711	-0.568	-0.567	-0.568	-0.566	-0.568	-0.568	-0.567	-0.568	-0.567	-0.567	-0.567	-0.567	-0.567	-0.567	-0.567	-0.567	-0.816	-0.567	-0.567	-0.567	-0.560	-0.560	-0.564	-0.565	-0.567	-0.567	-0.761	-0.762	-0.767	-0.805	-0.809	-0.806	-0.807	-0.806	-0.806	-0.804	-0.810	-0.807	-0.810	-0.804	-0.803	-0.804	-0.877	-0.803	-0.803	-0.803	-0.878	-0.879	-0.878	-0.879	-0.878	-0.806	-0.806	-0.812	-0.811	-0.878	-0.879	-0.879	-0.879	-0.879	-0.879	-0.810	
rs59822653     -0.939	-0.933	-0.935	-0.933	-0.928	-0.928	-0.925	-0.880	-0.935	-1.065	-1.049	-1.033	-0.844	-0.852	-0.855	-0.870	-0.803	-0.802	-0.802	-0.729	-0.936	-0.943	-0.937	-0.937	-0.937	-0.953	-0.935	-0.822	-0.913	-0.816	-0.814	-0.804	-0.948	-0.798	-0.902	-0.944	-0.899	-0.790	-0.806	-0.895	-0.819	-0.624	-0.891	-0.891	-0.896	-0.894	-0.861	-0.861	-0.862	-0.872	-0.873	-0.919	-0.931	-0.880	-0.868	-0.880	-0.931	-0.875	-0.875	-0.923	-0.931	-0.885	-0.891	-0.874	-0.897	-0.878	-0.873	-0.866	-0.878	-0.872	-0.872	-0.871	-0.871	-0.872	-0.871	-0.877	-0.877	-0.877	-0.877	-0.877	-0.877	-1.071	-0.877	-0.877	-0.863	-0.834	-0.833	-0.847	-0.850	-0.858	-0.856	-0.964	-0.965	-0.971	-1.014	-1.019	-1.016	-1.017	-1.016	-1.016	-1.014	-1.020	-1.016	-1.020	-1.014	-1.012	-1.013	-1.122	-1.012	-1.013	-1.012	-1.123	-1.122	-1.123	-1.122	-1.123	-1.016	-1.015	-1.023	-1.022	-1.123	-1.123	-1.123	-1.123	-1.122	-1.123	-1.021	
rs55910323     -0.789	-0.783	-0.785	-0.783	-0.778	-0.778	-0.775	-0.730	-0.782	-0.916	-0.901	-0.885	-0.717	-0.724	-0.727	-0.741	-0.676	-0.676	-0.676	-0.848	-0.777	-0.788	-0.778	-0.778	-0.777	-0.805	-0.778	-0.788	-0.573	-0.878	-0.878	-0.873	-0.815	-0.868	-0.591	-0.811	-0.592	-0.678	-0.876	-0.591	-0.707	-0.891	-0.462	-0.581	-0.590	-0.590	-0.740	-0.740	-0.740	-0.751	-0.752	-0.794	-0.805	-0.754	-0.746	-0.759	-0.805	-0.754	-0.754	-0.797	-0.805	-0.761	-0.768	-0.753	-0.597	-0.757	-0.752	-0.746	-0.757	-0.751	-0.750	-0.750	-0.750	-0.750	-0.750	-0.756	-0.756	-0.756	-0.756	-0.756	-0.756	-0.867	-0.756	-0.756	-0.743	-0.714	-0.714	-0.727	-0.730	-0.736	-0.735	-0.823	-0.824	-0.830	-0.872	-0.877	-0.874	-0.875	-0.874	-0.873	-0.871	-0.878	-0.874	-0.877	-0.872	-0.870	-0.871	-0.973	-0.870	-0.870	-0.870	-0.973	-0.973	-0.973	-0.973	-0.973	-0.874	-0.873	-0.880	-0.880	-0.974	-0.973	-0.973	-0.973	-0.973	-0.973	-0.878	
