## Summary of overall evidence for association with region:
## log10(BF for region) = 2.93162
## p-value for region = NA

## BFs for choosing among multi-SNP models:
## log10(average 1-SNP BF) = 2.97806
## log10(average 2-SNP BF) = 2.8205

## Example posterior probabilities for multi-SNP models, based on default prior: [p(l) propto 0.5^l for l=1,2,...,L]
## posterior probability of 1-SNP = 0.741915
## posterior probability of 2-SNP = 0.258085

## log10(BF) for single SNP and pair of SNPs:
rs7261819      -0.394	-0.858	-0.504	-0.740	-0.746	-0.757	-0.713	-0.750	-0.732	-0.855	-0.744	-0.703	-0.820	-0.741	-0.775	-0.755	-0.745	-0.477	-0.740	-0.746	-0.489	-0.464	-0.489	-0.489	-0.720	-0.816	-0.710	-0.711	-0.706	-0.688	-0.816	-0.737	-0.711	-0.819	-0.736	-0.715	-0.715	-0.818	-0.713	-0.734	-0.827	-0.852	-0.790	-0.840	-0.727	-0.735	-0.716	-0.671	-0.712	-0.732	-0.722	-0.788	-0.807	-0.817	-0.807	-0.714	+2.923	+2.995	-0.497	+3.130	+0.463	+3.130	+3.068	+3.014	+2.963	+1.632	-0.519	-0.782	+3.127	+0.393	+3.007	-0.729	+3.111	+2.956	+3.110	+2.956	-0.781	-0.729	-0.769	-0.782	-0.780	+0.381	+0.381	-0.769	-0.746	+2.953	+3.301	+0.354	+0.294	-0.769	+3.107	+0.517	+2.992	+2.930	+0.337	+0.347	+2.176	-0.778	-0.705	+0.386	-0.502	+0.386	+2.950	+3.122	+0.387	-0.747	+3.122	+0.389	+0.389	+0.389	-0.511	+2.997	-0.762	+3.119	+0.391	+3.118	-0.747	-0.762	+3.119	+2.946	-0.775	-0.510	-0.762	+0.393	-0.751	+3.188	+3.088	+0.031	-0.701	-0.701	-0.512	-0.751	-0.750	-0.691	-0.512	+3.103	+3.103	+0.370	
rs4578929      -0.858	-0.624	-0.858	-0.924	-0.929	-0.942	-0.897	-0.934	-0.915	-0.820	-0.928	-0.877	-0.714	-0.925	-0.583	-0.937	-0.928	-0.813	-0.923	-0.930	-0.819	-0.800	-0.819	-0.819	-0.902	-0.708	-0.885	-0.886	-0.881	-0.861	-0.706	-0.915	-0.886	-0.716	-0.919	-0.890	-0.890	-0.713	-0.889	-0.917	-0.793	-0.848	-0.824	-0.800	-0.901	-0.919	-0.896	-0.538	-0.896	-0.915	-0.901	-0.944	-0.692	-0.730	-0.692	-0.897	+2.729	+2.820	-0.824	+2.957	+2.397	+2.957	+2.884	+2.840	+2.788	+1.416	-0.874	-0.963	+2.955	+2.502	+2.832	-0.860	+2.938	+2.780	+2.937	+2.780	-0.961	-0.861	-0.949	-0.963	-0.961	+2.477	+2.476	-0.949	-0.924	+2.778	+3.129	+2.405	+2.178	-0.949	+2.934	+2.383	+2.817	+2.756	+2.596	+2.184	+1.973	-0.959	-0.833	+2.492	-0.894	+2.493	+2.775	+2.949	+2.494	-0.928	+2.949	+2.501	+2.501	+2.502	-0.892	+2.823	-0.941	+2.946	+2.506	+2.945	-0.928	-0.941	+2.946	+2.770	-0.955	-0.892	-0.941	+2.512	-0.931	+3.013	+2.915	+1.385	-0.879	-0.879	-0.889	-0.930	-0.930	-0.812	-0.889	+2.929	+2.929	+2.428	
rs8125528      -0.504	-0.858	-0.394	-0.740	-0.746	-0.757	-0.713	-0.750	-0.732	-0.855	-0.743	-0.702	-0.820	-0.741	-0.775	-0.755	-0.744	-0.477	-0.739	-0.746	-0.488	-0.463	-0.489	-0.489	-0.720	-0.816	-0.710	-0.711	-0.706	-0.688	-0.817	-0.737	-0.711	-0.819	-0.736	-0.714	-0.715	-0.819	-0.713	-0.734	-0.827	-0.852	-0.790	-0.840	-0.726	-0.735	-0.715	-0.671	-0.711	-0.732	-0.722	-0.787	-0.807	-0.817	-0.807	-0.714	+2.923	+2.996	-0.496	+3.131	+0.461	+3.131	+3.069	+3.015	+2.964	+1.633	-0.521	-0.782	+3.129	+0.391	+3.008	-0.729	+3.112	+2.957	+3.112	+2.957	-0.780	-0.729	-0.769	-0.782	-0.780	+0.379	+0.379	-0.769	-0.745	+2.954	+3.303	+0.352	+0.292	-0.769	+3.108	+0.515	+2.993	+2.931	+0.335	+0.345	+2.177	-0.778	-0.705	+0.384	-0.506	+0.384	+2.951	+3.123	+0.385	-0.746	+3.123	+0.387	+0.387	+0.387	-0.514	+2.998	-0.761	+3.120	+0.389	+3.120	-0.747	-0.761	+3.120	+2.947	-0.774	-0.514	-0.761	+0.391	-0.751	+3.189	+3.089	+0.029	-0.701	-0.701	-0.515	-0.750	-0.750	-0.691	-0.515	+3.104	+3.104	+0.368	
rs6119155      -0.740	-0.924	-0.740	-0.473	-0.622	-0.622	-0.599	-0.629	-0.611	-0.925	-0.629	-0.592	-0.905	-0.624	-0.874	-0.654	-0.623	-0.702	-0.622	-0.629	-0.707	-0.690	-0.707	-0.707	-0.593	-0.904	-0.617	-0.609	-0.600	-0.566	-0.904	-0.645	-0.608	-0.906	-0.618	-0.615	-0.615	-0.906	-0.613	-0.615	-0.907	-0.917	-0.833	-0.914	-0.646	-0.636	-0.592	-0.785	-0.618	-0.624	-0.628	-0.858	-0.895	-0.902	-0.895	-0.604	+2.974	+3.051	-0.712	+3.189	+0.280	+3.189	+3.128	+3.070	+3.018	+1.614	-0.752	-0.689	+3.186	+0.218	+3.063	-0.810	+3.170	+3.011	+3.169	+3.011	-0.689	-0.810	-0.685	-0.689	-0.689	+0.206	+0.206	-0.685	-0.660	+3.008	+3.367	+0.180	+0.121	-0.685	+3.165	+0.339	+3.048	+2.985	+0.159	+0.173	+2.165	-0.690	-0.790	+0.211	-0.766	+0.212	+3.005	+3.181	+0.212	-0.654	+3.180	+0.214	+0.214	+0.215	-0.765	+3.053	-0.678	+3.177	+0.216	+3.177	-0.654	-0.678	+3.177	+3.001	-0.689	-0.765	-0.678	+0.218	-0.820	+3.246	+3.145	-0.131	-0.633	-0.633	-0.762	-0.665	-0.667	-0.777	-0.762	+3.161	+3.161	+0.195	
rs6119156      -0.746	-0.929	-0.746	-0.622	-0.480	-0.605	-0.588	-0.624	-0.600	-0.930	-0.625	-0.585	-0.911	-0.620	-0.880	-0.645	-0.618	-0.708	-0.618	-0.626	-0.714	-0.696	-0.714	-0.714	-0.580	-0.910	-0.614	-0.608	-0.599	-0.559	-0.910	-0.641	-0.608	-0.912	-0.615	-0.615	-0.615	-0.912	-0.613	-0.612	-0.913	-0.922	-0.839	-0.919	-0.644	-0.636	-0.585	-0.792	-0.620	-0.625	-0.628	-0.864	-0.901	-0.907	-0.901	-0.597	+2.973	+3.049	-0.718	+3.187	+0.272	+3.188	+3.126	+3.069	+3.016	+1.608	-0.758	-0.686	+3.185	+0.211	+3.061	-0.817	+3.168	+3.009	+3.167	+3.009	-0.687	-0.817	-0.681	-0.686	-0.687	+0.199	+0.199	-0.681	-0.657	+3.006	+3.358	+0.173	+0.114	-0.681	+3.164	+0.331	+3.046	+2.983	+0.151	+0.166	+2.160	-0.689	-0.797	+0.204	-0.772	+0.204	+3.003	+3.179	+0.204	-0.654	+3.179	+0.207	+0.207	+0.207	-0.771	+3.051	-0.675	+3.176	+0.208	+3.175	-0.654	-0.675	+3.175	+2.999	-0.687	-0.771	-0.675	+0.210	-0.826	+3.245	+3.144	-0.139	-0.631	-0.631	-0.768	-0.662	-0.667	-0.783	-0.768	+3.159	+3.159	+0.188	
rs67909138     -0.757	-0.942	-0.757	-0.622	-0.605	-0.493	-0.531	-0.610	-0.553	-0.940	-0.604	-0.540	-0.915	-0.614	-0.880	-0.647	-0.603	-0.719	-0.593	-0.610	-0.724	-0.707	-0.724	-0.724	-0.508	-0.914	-0.579	-0.566	-0.553	-0.506	-0.914	-0.621	-0.565	-0.917	-0.583	-0.574	-0.574	-0.916	-0.570	-0.569	-0.919	-0.932	-0.834	-0.927	-0.619	-0.614	-0.519	-0.786	-0.566	-0.571	-0.577	-0.876	-0.904	-0.912	-0.904	-0.553	+2.942	+3.019	-0.729	+3.157	+0.311	+3.157	+3.096	+3.039	+2.986	+1.588	-0.770	-0.696	+3.155	+0.247	+3.031	-0.825	+3.138	+2.979	+3.137	+2.979	-0.694	-0.826	-0.678	-0.696	-0.694	+0.235	+0.235	-0.678	-0.633	+2.976	+3.334	+0.208	+0.148	-0.678	+3.133	+0.369	+3.016	+2.953	+0.190	+0.201	+2.140	-0.689	-0.805	+0.240	-0.785	+0.241	+2.973	+3.149	+0.241	-0.617	+3.148	+0.243	+0.244	+0.244	-0.784	+3.021	-0.661	+3.145	+0.245	+3.145	-0.617	-0.661	+3.145	+2.969	-0.684	-0.784	-0.661	+0.247	-0.839	+3.215	+3.114	-0.108	-0.601	-0.601	-0.780	-0.640	-0.646	-0.791	-0.780	+3.129	+3.129	+0.224	
rs6119158      -0.713	-0.897	-0.713	-0.599	-0.588	-0.531	-0.443	-0.566	-0.583	-0.900	-0.580	-0.611	-0.885	-0.570	-0.858	-0.611	-0.572	-0.676	-0.584	-0.576	-0.681	-0.664	-0.682	-0.682	-0.582	-0.884	-0.629	-0.625	-0.619	-0.594	-0.885	-0.640	-0.625	-0.886	-0.586	-0.629	-0.629	-0.886	-0.627	-0.588	-0.886	-0.891	-0.820	-0.891	-0.648	-0.613	-0.595	-0.775	-0.607	-0.613	-0.631	-0.831	-0.876	-0.882	-0.876	-0.596	+3.065	+3.142	-0.686	+3.282	+0.253	+3.282	+3.220	+3.162	+3.109	+1.683	-0.724	-0.643	+3.279	+0.192	+3.154	-0.786	+3.262	+3.102	+3.261	+3.102	-0.647	-0.787	-0.653	-0.643	-0.647	+0.180	+0.180	-0.653	-0.649	+3.099	+3.453	+0.154	+0.098	-0.653	+3.258	+0.311	+3.139	+3.076	+0.134	+0.148	+2.239	-0.654	-0.767	+0.185	-0.738	+0.185	+3.096	+3.273	+0.185	-0.640	+3.273	+0.188	+0.188	+0.188	-0.737	+3.144	-0.656	+3.270	+0.189	+3.270	-0.640	-0.656	+3.270	+3.091	-0.656	-0.737	-0.656	+0.191	-0.792	+3.340	+3.238	-0.150	-0.632	-0.632	-0.734	-0.650	-0.650	-0.754	-0.734	+3.254	+3.254	+0.169	
rs146559528    -0.750	-0.934	-0.750	-0.629	-0.624	-0.610	-0.566	-0.485	-0.580	-0.934	-0.607	-0.577	-0.913	-0.614	-0.880	-0.651	-0.608	-0.712	-0.604	-0.609	-0.717	-0.700	-0.718	-0.718	-0.549	-0.912	-0.607	-0.597	-0.587	-0.549	-0.912	-0.640	-0.597	-0.914	-0.598	-0.604	-0.605	-0.913	-0.601	-0.590	-0.916	-0.926	-0.836	-0.922	-0.640	-0.625	-0.558	-0.790	-0.593	-0.595	-0.607	-0.868	-0.902	-0.909	-0.902	-0.581	+2.971	+3.047	-0.722	+3.186	+0.287	+3.186	+3.125	+3.067	+3.015	+1.609	-0.762	-0.691	+3.183	+0.223	+3.059	-0.820	+3.167	+3.007	+3.166	+3.007	-0.691	-0.820	-0.683	-0.691	-0.691	+0.212	+0.212	-0.683	-0.651	+3.005	+3.364	+0.185	+0.126	-0.683	+3.162	+0.345	+3.045	+2.982	+0.167	+0.178	+2.161	-0.689	-0.800	+0.217	-0.777	+0.217	+3.001	+3.178	+0.217	-0.637	+3.177	+0.219	+0.220	+0.220	-0.776	+3.050	-0.673	+3.174	+0.221	+3.174	-0.637	-0.673	+3.174	+2.997	-0.687	-0.776	-0.673	+0.223	-0.831	+3.244	+3.143	-0.128	-0.621	-0.621	-0.772	-0.656	-0.658	-0.786	-0.772	+3.158	+3.158	+0.200	
rs186462181    -0.732	-0.915	-0.732	-0.611	-0.600	-0.553	-0.583	-0.580	-0.464	-0.917	-0.592	-0.605	-0.900	-0.581	-0.872	-0.625	-0.582	-0.695	-0.592	-0.588	-0.700	-0.683	-0.700	-0.700	-0.574	-0.900	-0.627	-0.623	-0.615	-0.584	-0.900	-0.645	-0.622	-0.902	-0.592	-0.627	-0.627	-0.901	-0.625	-0.593	-0.902	-0.908	-0.832	-0.907	-0.650	-0.620	-0.587	-0.787	-0.614	-0.616	-0.631	-0.850	-0.891	-0.897	-0.891	-0.594	+3.027	+3.103	-0.705	+3.242	+0.257	+3.242	+3.181	+3.123	+3.070	+1.651	-0.744	-0.662	+3.240	+0.196	+3.115	-0.804	+3.223	+3.063	+3.222	+3.063	-0.665	-0.804	-0.667	-0.663	-0.665	+0.184	+0.184	-0.667	-0.654	+3.060	+3.414	+0.158	+0.101	-0.667	+3.218	+0.316	+3.100	+3.037	+0.139	+0.152	+2.205	-0.671	-0.785	+0.189	-0.757	+0.189	+3.057	+3.234	+0.190	-0.648	+3.234	+0.192	+0.192	+0.192	-0.757	+3.105	-0.666	+3.231	+0.194	+3.230	-0.648	-0.666	+3.230	+3.052	-0.672	-0.757	-0.666	+0.195	-0.812	+3.301	+3.199	-0.149	-0.633	-0.633	-0.753	-0.657	-0.658	-0.771	-0.753	+3.214	+3.214	+0.173	
rs2424784      -0.855	-0.820	-0.855	-0.925	-0.930	-0.940	-0.900	-0.934	-0.917	-0.624	-0.928	-0.883	-0.687	-0.926	-0.499	-0.938	-0.929	-0.807	-0.924	-0.931	-0.814	-0.794	-0.814	-0.814	-0.906	-0.670	-0.891	-0.892	-0.887	-0.868	-0.664	-0.919	-0.892	-0.680	-0.921	-0.896	-0.896	-0.675	-0.894	-0.919	-0.820	-0.840	-0.843	-0.807	-0.906	-0.920	-0.900	-0.582	-0.898	-0.917	-0.905	-0.939	-0.732	-0.751	-0.732	-0.900	+2.748	+2.842	-0.819	+2.980	+2.534	+2.980	+2.905	+2.862	+2.809	+1.418	-0.872	-0.961	+2.977	+2.619	+2.854	-0.846	+2.961	+2.802	+2.960	+2.802	-0.959	-0.847	-0.949	-0.961	-0.959	+2.545	+2.545	-0.949	-0.927	+2.800	+3.153	+2.468	+2.287	-0.949	+2.956	+2.423	+2.839	+2.778	+2.748	+2.225	+1.978	-0.958	-0.817	+2.562	-0.894	+2.562	+2.796	+2.972	+2.563	-0.930	+2.971	+2.571	+2.571	+2.572	-0.891	+2.845	-0.943	+2.968	+2.576	+2.968	-0.930	-0.943	+2.968	+2.792	-0.955	-0.891	-0.943	+2.582	-0.930	+3.034	+2.938	+1.514	-0.886	-0.886	-0.888	-0.932	-0.932	-0.794	-0.888	+2.952	+2.952	+2.491	
rs113012521    -0.744	-0.928	-0.743	-0.629	-0.625	-0.604	-0.580	-0.607	-0.592	-0.928	-0.477	-0.586	-0.908	-0.613	-0.876	-0.648	-0.609	-0.706	-0.607	-0.608	-0.711	-0.693	-0.711	-0.711	-0.566	-0.907	-0.613	-0.604	-0.595	-0.560	-0.907	-0.643	-0.604	-0.909	-0.603	-0.611	-0.611	-0.908	-0.607	-0.597	-0.910	-0.920	-0.833	-0.917	-0.643	-0.627	-0.572	-0.786	-0.600	-0.603	-0.613	-0.862	-0.897	-0.904	-0.897	-0.589	+2.985	+3.062	-0.715	+3.200	+0.283	+3.200	+3.139	+3.081	+3.029	+1.621	-0.755	-0.686	+3.198	+0.220	+3.073	-0.814	+3.181	+3.022	+3.180	+3.022	-0.687	-0.814	-0.682	-0.687	-0.687	+0.208	+0.208	-0.682	-0.654	+3.019	+3.379	+0.182	+0.123	-0.682	+3.177	+0.341	+3.059	+2.996	+0.164	+0.175	+2.173	-0.687	-0.794	+0.213	-0.770	+0.213	+3.016	+3.192	+0.214	-0.641	+3.192	+0.216	+0.216	+0.216	-0.769	+3.064	-0.673	+3.189	+0.218	+3.188	-0.641	-0.673	+3.188	+3.011	-0.685	-0.769	-0.673	+0.220	-0.824	+3.259	+3.157	-0.130	-0.625	-0.625	-0.765	-0.658	-0.660	-0.780	-0.766	+3.172	+3.172	+0.197	
rs56921848     -0.703	-0.877	-0.702	-0.592	-0.585	-0.540	-0.611	-0.577	-0.605	-0.883	-0.586	-0.430	-0.875	-0.578	-0.855	-0.554	-0.584	-0.667	-0.594	-0.581	-0.673	-0.656	-0.673	-0.673	-0.611	-0.875	-0.579	-0.558	-0.556	-0.537	-0.876	-0.556	-0.558	-0.877	-0.598	-0.558	-0.558	-0.876	-0.559	-0.603	-0.874	-0.871	-0.821	-0.876	-0.583	-0.595	-0.610	-0.782	-0.611	-0.607	-0.609	-0.819	-0.868	-0.872	-0.868	-0.607	+3.002	+3.076	-0.677	+3.213	+0.210	+3.213	+3.155	+3.096	+3.044	+1.643	-0.713	-0.333	+3.211	+0.156	+3.088	-0.780	+3.194	+3.036	+3.193	+3.036	-0.370	-0.780	-0.473	-0.334	-0.371	+0.144	+0.144	-0.473	-0.570	+3.034	+3.383	+0.119	+0.063	-0.474	+3.190	+0.274	+3.073	+3.011	+0.095	+0.113	+2.192	-0.457	-0.762	+0.149	-0.725	+0.149	+3.030	+3.205	+0.150	-0.598	+3.204	+0.152	+0.152	+0.152	-0.725	+3.078	-0.540	+3.201	+0.153	+3.201	-0.598	-0.540	+3.201	+3.026	-0.484	-0.725	-0.540	+0.155	-0.779	+3.269	+3.170	-0.183	-0.601	-0.601	-0.721	-0.567	-0.569	-0.750	-0.721	+3.185	+3.185	+0.133	
rs4010698      -0.820	-0.714	-0.820	-0.905	-0.911	-0.915	-0.885	-0.913	-0.900	-0.687	-0.908	-0.875	-0.595	-0.905	-0.704	-0.918	-0.909	-0.767	-0.905	-0.910	-0.775	-0.754	-0.775	-0.775	-0.891	-0.751	-0.882	-0.883	-0.879	-0.862	-0.750	-0.905	-0.883	-0.752	-0.902	-0.886	-0.886	-0.752	-0.885	-0.902	-0.808	-0.781	-0.856	-0.776	-0.895	-0.902	-0.888	-0.663	-0.884	-0.901	-0.893	-0.897	-0.767	-0.780	-0.767	-0.886	+2.788	+2.884	-0.780	+3.022	+2.111	+3.022	+2.945	+2.904	+2.852	+1.452	-0.838	-0.938	+3.019	+2.231	+2.896	-0.788	+3.003	+2.844	+3.002	+2.844	-0.937	-0.789	-0.931	-0.938	-0.937	+2.206	+2.206	-0.931	-0.913	+2.842	+3.194	+2.131	+1.889	-0.931	+2.999	+2.116	+2.881	+2.821	+2.353	+1.902	+2.015	-0.937	-0.757	+2.223	-0.864	+2.223	+2.838	+3.014	+2.224	-0.915	+3.014	+2.232	+2.232	+2.233	-0.860	+2.887	-0.926	+3.011	+2.237	+3.010	-0.915	-0.926	+3.010	+2.834	-0.936	-0.860	-0.926	+2.243	-0.897	+3.075	+2.980	+1.116	-0.875	-0.875	-0.857	-0.918	-0.917	-0.731	-0.858	+2.994	+2.994	+2.154	
rs56396817     -0.741	-0.925	-0.741	-0.624	-0.620	-0.614	-0.570	-0.614	-0.581	-0.926	-0.613	-0.578	-0.905	-0.474	-0.873	-0.643	-0.602	-0.703	-0.599	-0.614	-0.708	-0.691	-0.708	-0.708	-0.550	-0.903	-0.605	-0.596	-0.586	-0.549	-0.904	-0.637	-0.596	-0.906	-0.595	-0.603	-0.603	-0.905	-0.599	-0.587	-0.907	-0.917	-0.830	-0.914	-0.637	-0.618	-0.561	-0.782	-0.602	-0.605	-0.612	-0.859	-0.894	-0.901	-0.894	-0.574	+2.986	+3.062	-0.713	+3.201	+0.288	+3.201	+3.140	+3.082	+3.029	+1.623	-0.753	-0.685	+3.198	+0.227	+3.074	-0.811	+3.181	+3.022	+3.181	+3.022	-0.685	-0.811	-0.678	-0.685	-0.685	+0.215	+0.215	-0.678	-0.648	+3.019	+3.379	+0.189	+0.130	-0.678	+3.177	+0.348	+3.059	+2.997	+0.170	+0.182	+2.175	-0.685	-0.791	+0.220	-0.767	+0.220	+3.016	+3.192	+0.221	-0.642	+3.192	+0.223	+0.223	+0.223	-0.766	+3.064	-0.669	+3.189	+0.225	+3.189	-0.642	-0.669	+3.189	+3.012	-0.683	-0.767	-0.669	+0.226	-0.822	+3.259	+3.157	-0.124	-0.617	-0.617	-0.763	-0.653	-0.655	-0.777	-0.763	+3.173	+3.173	+0.204	
rs4119197      -0.775	-0.583	-0.775	-0.874	-0.880	-0.880	-0.858	-0.880	-0.872	-0.499	-0.876	-0.855	-0.704	-0.873	-0.556	-0.886	-0.878	-0.719	-0.875	-0.877	-0.726	-0.705	-0.727	-0.727	-0.864	-0.710	-0.861	-0.862	-0.858	-0.844	-0.709	-0.879	-0.862	-0.705	-0.873	-0.864	-0.864	-0.707	-0.863	-0.872	-0.763	-0.702	-0.852	-0.714	-0.872	-0.873	-0.863	-0.721	-0.858	-0.874	-0.869	-0.846	-0.757	-0.747	-0.757	-0.859	+2.807	+2.903	-0.733	+3.040	+1.800	+3.040	+2.964	+2.923	+2.871	+1.472	-0.795	-0.905	+3.038	+1.835	+2.915	-0.725	+3.021	+2.863	+3.020	+2.863	-0.905	-0.725	-0.901	-0.905	-0.905	+1.773	+1.773	-0.901	-0.888	+2.861	+3.212	+1.700	+1.534	-0.901	+3.017	+1.710	+2.900	+2.840	+1.873	+1.508	+2.035	-0.906	-0.691	+1.788	-0.824	+1.789	+2.858	+3.032	+1.790	-0.888	+3.032	+1.797	+1.797	+1.798	-0.820	+2.906	-0.898	+3.029	+1.801	+3.028	-0.888	-0.898	+3.029	+2.853	-0.905	-0.820	-0.898	+1.807	-0.853	+3.092	+2.998	+0.798	-0.853	-0.853	-0.817	-0.891	-0.891	-0.663	-0.817	+3.012	+3.012	+1.726	
rs6119169      -0.755	-0.937	-0.755	-0.654	-0.645	-0.647	-0.611	-0.651	-0.625	-0.938	-0.648	-0.554	-0.918	-0.643	-0.886	-0.490	-0.643	-0.718	-0.641	-0.650	-0.723	-0.705	-0.723	-0.723	-0.607	-0.917	-0.593	-0.583	-0.572	-0.520	-0.917	-0.622	-0.583	-0.919	-0.637	-0.592	-0.592	-0.918	-0.589	-0.634	-0.920	-0.929	-0.848	-0.927	-0.629	-0.652	-0.605	-0.797	-0.634	-0.642	-0.640	-0.873	-0.907	-0.914	-0.907	-0.615	+2.966	+3.042	-0.727	+3.181	+0.262	+3.181	+3.120	+3.062	+3.010	+1.609	-0.767	-0.679	+3.178	+0.214	+3.054	-0.825	+3.161	+3.002	+3.161	+3.002	-0.679	-0.826	-0.671	-0.679	-0.679	+0.202	+0.202	-0.671	-0.640	+3.000	+3.352	+0.175	+0.116	-0.671	+3.157	+0.335	+3.039	+2.977	+0.156	+0.168	+2.163	-0.681	-0.806	+0.207	-0.781	+0.207	+2.996	+3.172	+0.208	-0.669	+3.172	+0.210	+0.210	+0.210	-0.781	+3.044	-0.662	+3.169	+0.211	+3.169	-0.669	-0.662	+3.169	+2.992	-0.679	-0.781	-0.662	+0.213	-0.836	+3.239	+3.137	-0.138	-0.610	-0.610	-0.777	-0.646	-0.652	-0.792	-0.777	+3.152	+3.152	+0.191	
rs6119172      -0.745	-0.928	-0.744	-0.623	-0.618	-0.603	-0.572	-0.608	-0.582	-0.929	-0.609	-0.584	-0.909	-0.602	-0.878	-0.643	-0.478	-0.707	-0.599	-0.610	-0.712	-0.695	-0.712	-0.712	-0.553	-0.908	-0.612	-0.602	-0.593	-0.557	-0.908	-0.641	-0.602	-0.910	-0.594	-0.609	-0.609	-0.909	-0.605	-0.588	-0.911	-0.920	-0.835	-0.918	-0.642	-0.621	-0.564	-0.789	-0.604	-0.607	-0.617	-0.862	-0.898	-0.905	-0.898	-0.582	+2.988	+3.065	-0.717	+3.204	+0.277	+3.204	+3.143	+3.084	+3.032	+1.622	-0.756	-0.682	+3.201	+0.216	+3.077	-0.815	+3.184	+3.025	+3.183	+3.024	-0.682	-0.815	-0.678	-0.682	-0.682	+0.204	+0.204	-0.678	-0.652	+3.022	+3.382	+0.178	+0.119	-0.678	+3.180	+0.337	+3.062	+2.999	+0.159	+0.171	+2.175	-0.683	-0.795	+0.209	-0.771	+0.209	+3.019	+3.195	+0.210	-0.644	+3.195	+0.212	+0.212	+0.212	-0.770	+3.067	-0.670	+3.192	+0.214	+3.191	-0.644	-0.671	+3.192	+3.014	-0.682	-0.770	-0.671	+0.216	-0.825	+3.262	+3.160	-0.134	-0.623	-0.623	-0.766	-0.656	-0.658	-0.781	-0.766	+3.175	+3.176	+0.193	
rs147107633    -0.477	-0.813	-0.477	-0.702	-0.708	-0.719	-0.676	-0.712	-0.695	-0.807	-0.706	-0.667	-0.767	-0.703	-0.719	-0.718	-0.707	-0.347	-0.702	-0.708	-0.453	-0.450	-0.453	-0.453	-0.683	-0.763	-0.675	-0.676	-0.671	-0.653	-0.764	-0.701	-0.676	-0.767	-0.698	-0.679	-0.679	-0.766	-0.678	-0.697	-0.777	-0.804	-0.757	-0.790	-0.691	-0.698	-0.679	-0.612	-0.675	-0.695	-0.686	-0.745	-0.754	-0.765	-0.754	-0.677	+2.953	+3.013	-0.455	+3.148	+0.556	+3.148	+3.086	+3.033	+2.982	+1.664	-0.413	-0.744	+3.146	+0.484	+3.025	-0.685	+3.129	+2.975	+3.129	+2.974	-0.742	-0.685	-0.732	-0.744	-0.742	+0.472	+0.472	-0.732	-0.709	+2.972	+3.319	+0.445	+0.383	-0.732	+3.125	+0.610	+3.011	+2.948	+0.429	+0.437	+2.204	-0.740	-0.660	+0.477	-0.331	+0.477	+2.969	+3.140	+0.478	-0.710	+3.140	+0.480	+0.480	+0.481	-0.354	+3.016	-0.724	+3.137	+0.482	+3.137	-0.710	-0.725	+3.137	+2.965	-0.737	-0.354	-0.725	+0.484	-0.710	+3.206	+3.106	+0.119	-0.665	-0.665	-0.367	-0.714	-0.713	-0.645	-0.367	+3.121	+3.121	+0.461	
rs6118945      -0.740	-0.923	-0.739	-0.622	-0.618	-0.593	-0.584	-0.604	-0.592	-0.924	-0.607	-0.594	-0.905	-0.599	-0.875	-0.641	-0.599	-0.702	-0.472	-0.599	-0.707	-0.690	-0.708	-0.708	-0.566	-0.904	-0.618	-0.609	-0.600	-0.568	-0.905	-0.643	-0.609	-0.907	-0.595	-0.615	-0.615	-0.906	-0.612	-0.591	-0.908	-0.916	-0.834	-0.914	-0.646	-0.622	-0.576	-0.787	-0.608	-0.611	-0.622	-0.857	-0.895	-0.902	-0.895	-0.593	+2.990	+3.067	-0.712	+3.206	+0.272	+3.206	+3.145	+3.087	+3.034	+1.624	-0.751	-0.677	+3.203	+0.211	+3.079	-0.810	+3.186	+3.027	+3.185	+3.027	-0.678	-0.811	-0.677	-0.677	-0.678	+0.199	+0.199	-0.677	-0.656	+3.024	+3.384	+0.173	+0.114	-0.677	+3.182	+0.332	+3.064	+3.001	+0.154	+0.166	+2.176	-0.681	-0.791	+0.204	-0.765	+0.204	+3.021	+3.197	+0.205	-0.647	+3.197	+0.207	+0.207	+0.207	-0.765	+3.069	-0.672	+3.194	+0.208	+3.193	-0.647	-0.672	+3.194	+3.017	-0.680	-0.765	-0.672	+0.210	-0.820	+3.263	+3.162	-0.138	-0.629	-0.629	-0.761	-0.659	-0.661	-0.777	-0.761	+3.177	+3.178	+0.188	
rs150520540    -0.746	-0.930	-0.746	-0.629	-0.626	-0.610	-0.576	-0.609	-0.588	-0.931	-0.608	-0.581	-0.910	-0.614	-0.877	-0.650	-0.610	-0.708	-0.599	-0.480	-0.714	-0.696	-0.714	-0.714	-0.553	-0.908	-0.608	-0.598	-0.588	-0.551	-0.909	-0.640	-0.598	-0.911	-0.598	-0.605	-0.605	-0.910	-0.601	-0.590	-0.912	-0.922	-0.834	-0.919	-0.640	-0.624	-0.562	-0.787	-0.595	-0.597	-0.608	-0.864	-0.899	-0.906	-0.899	-0.586	+2.968	+3.045	-0.718	+3.183	+0.288	+3.183	+3.122	+3.064	+3.012	+1.608	-0.758	-0.689	+3.180	+0.224	+3.057	-0.816	+3.164	+3.005	+3.163	+3.005	-0.689	-0.816	-0.683	-0.689	-0.689	+0.213	+0.212	-0.683	-0.653	+3.002	+3.361	+0.186	+0.127	-0.683	+3.159	+0.346	+3.042	+2.979	+0.168	+0.179	+2.159	-0.688	-0.796	+0.217	-0.772	+0.218	+2.999	+3.175	+0.218	-0.640	+3.174	+0.220	+0.220	+0.221	-0.772	+3.047	-0.673	+3.171	+0.222	+3.171	-0.640	-0.673	+3.171	+2.995	-0.687	-0.772	-0.673	+0.224	-0.827	+3.241	+3.140	-0.127	-0.623	-0.623	-0.768	-0.657	-0.659	-0.782	-0.768	+3.155	+3.155	+0.201	
rs148501096    -0.489	-0.819	-0.488	-0.707	-0.714	-0.724	-0.681	-0.717	-0.700	-0.814	-0.711	-0.673	-0.775	-0.708	-0.726	-0.723	-0.712	-0.453	-0.707	-0.714	-0.354	-0.450	-0.457	-0.457	-0.689	-0.771	-0.680	-0.681	-0.676	-0.658	-0.771	-0.706	-0.681	-0.774	-0.704	-0.684	-0.684	-0.773	-0.683	-0.702	-0.784	-0.810	-0.762	-0.797	-0.696	-0.703	-0.684	-0.620	-0.680	-0.700	-0.692	-0.751	-0.761	-0.772	-0.761	-0.682	+2.947	+3.010	-0.460	+3.144	+0.543	+3.145	+3.083	+3.029	+2.978	+1.659	-0.433	-0.750	+3.142	+0.472	+3.021	-0.691	+3.126	+2.971	+3.125	+2.971	-0.748	-0.691	-0.737	-0.750	-0.748	+0.459	+0.459	-0.737	-0.714	+2.968	+3.315	+0.432	+0.371	-0.737	+3.121	+0.597	+3.007	+2.944	+0.416	+0.424	+2.199	-0.745	-0.666	+0.464	-0.360	+0.465	+2.965	+3.136	+0.465	-0.715	+3.136	+0.467	+0.468	+0.468	-0.381	+3.012	-0.730	+3.133	+0.469	+3.133	-0.715	-0.730	+3.133	+2.961	-0.742	-0.381	-0.730	+0.471	-0.716	+3.203	+3.102	+0.107	-0.670	-0.670	-0.392	-0.719	-0.719	-0.652	-0.392	+3.117	+3.117	+0.448	
rs148553168    -0.464	-0.800	-0.463	-0.690	-0.696	-0.707	-0.664	-0.700	-0.683	-0.794	-0.693	-0.656	-0.754	-0.691	-0.705	-0.705	-0.695	-0.450	-0.690	-0.696	-0.450	-0.333	-0.451	-0.451	-0.671	-0.750	-0.663	-0.664	-0.659	-0.642	-0.751	-0.689	-0.664	-0.754	-0.686	-0.668	-0.668	-0.752	-0.666	-0.685	-0.764	-0.791	-0.746	-0.777	-0.679	-0.686	-0.667	-0.598	-0.663	-0.683	-0.675	-0.732	-0.741	-0.752	-0.741	-0.665	+2.967	+3.024	-0.451	+3.159	+0.573	+3.159	+3.097	+3.044	+2.993	+1.678	-0.395	-0.732	+3.157	+0.501	+3.036	-0.671	+3.140	+2.986	+3.140	+2.985	-0.730	-0.671	-0.720	-0.732	-0.730	+0.489	+0.489	-0.720	-0.697	+2.983	+3.329	+0.461	+0.400	-0.720	+3.136	+0.627	+3.022	+2.959	+0.447	+0.453	+2.217	-0.728	-0.645	+0.494	-0.293	+0.494	+2.980	+3.151	+0.494	-0.698	+3.151	+0.497	+0.497	+0.497	-0.319	+3.027	-0.713	+3.148	+0.499	+3.147	-0.698	-0.713	+3.148	+2.976	-0.725	-0.319	-0.713	+0.501	-0.697	+3.217	+3.117	+0.135	-0.653	-0.653	-0.335	-0.702	-0.702	-0.630	-0.335	+3.131	+3.132	+0.477	
rs147285845    -0.489	-0.819	-0.489	-0.707	-0.714	-0.724	-0.682	-0.718	-0.700	-0.814	-0.711	-0.673	-0.775	-0.708	-0.727	-0.723	-0.712	-0.453	-0.708	-0.714	-0.457	-0.451	-0.354	-0.457	-0.689	-0.771	-0.680	-0.681	-0.676	-0.659	-0.771	-0.706	-0.681	-0.774	-0.704	-0.685	-0.685	-0.773	-0.683	-0.702	-0.784	-0.811	-0.762	-0.797	-0.696	-0.703	-0.685	-0.620	-0.680	-0.701	-0.692	-0.751	-0.762	-0.773	-0.762	-0.682	+2.947	+3.009	-0.460	+3.144	+0.542	+3.144	+3.083	+3.029	+2.978	+1.659	-0.433	-0.750	+3.142	+0.471	+3.021	-0.691	+3.125	+2.971	+3.125	+2.970	-0.748	-0.692	-0.737	-0.750	-0.748	+0.459	+0.459	-0.737	-0.715	+2.968	+3.315	+0.431	+0.370	-0.737	+3.121	+0.596	+3.007	+2.944	+0.416	+0.424	+2.199	-0.746	-0.667	+0.464	-0.361	+0.464	+2.965	+3.136	+0.464	-0.715	+3.136	+0.467	+0.467	+0.467	-0.382	+3.012	-0.730	+3.133	+0.469	+3.133	-0.715	-0.730	+3.133	+2.961	-0.743	-0.382	-0.730	+0.471	-0.716	+3.202	+3.102	+0.106	-0.670	-0.670	-0.393	-0.719	-0.719	-0.652	-0.393	+3.117	+3.117	+0.447	
rs143680509    -0.489	-0.819	-0.489	-0.707	-0.714	-0.724	-0.682	-0.718	-0.700	-0.814	-0.711	-0.673	-0.775	-0.708	-0.727	-0.723	-0.712	-0.453	-0.708	-0.714	-0.457	-0.451	-0.457	-0.354	-0.689	-0.771	-0.680	-0.681	-0.676	-0.659	-0.771	-0.706	-0.681	-0.774	-0.704	-0.685	-0.685	-0.773	-0.683	-0.702	-0.784	-0.811	-0.762	-0.797	-0.696	-0.703	-0.685	-0.620	-0.680	-0.701	-0.692	-0.751	-0.762	-0.773	-0.762	-0.682	+2.947	+3.009	-0.460	+3.144	+0.542	+3.144	+3.083	+3.029	+2.978	+1.659	-0.433	-0.750	+3.142	+0.471	+3.021	-0.691	+3.125	+2.971	+3.125	+2.970	-0.748	-0.692	-0.737	-0.750	-0.748	+0.459	+0.459	-0.737	-0.715	+2.968	+3.315	+0.432	+0.370	-0.737	+3.121	+0.596	+3.007	+2.944	+0.416	+0.424	+2.199	-0.746	-0.667	+0.464	-0.361	+0.464	+2.965	+3.136	+0.464	-0.715	+3.136	+0.467	+0.467	+0.467	-0.382	+3.012	-0.730	+3.133	+0.469	+3.133	-0.715	-0.730	+3.133	+2.961	-0.743	-0.382	-0.730	+0.471	-0.716	+3.202	+3.102	+0.106	-0.670	-0.670	-0.393	-0.719	-0.719	-0.652	-0.393	+3.117	+3.117	+0.447	
rs6119191      -0.720	-0.902	-0.720	-0.593	-0.580	-0.508	-0.582	-0.549	-0.574	-0.906	-0.566	-0.611	-0.891	-0.550	-0.864	-0.607	-0.553	-0.683	-0.566	-0.553	-0.689	-0.671	-0.689	-0.689	-0.450	-0.890	-0.628	-0.624	-0.618	-0.591	-0.891	-0.639	-0.624	-0.892	-0.570	-0.628	-0.628	-0.892	-0.626	-0.575	-0.892	-0.897	-0.825	-0.897	-0.648	-0.607	-0.589	-0.781	-0.609	-0.609	-0.629	-0.838	-0.882	-0.888	-0.882	-0.593	+3.043	+3.120	-0.693	+3.259	+0.251	+3.259	+3.198	+3.140	+3.087	+1.663	-0.731	-0.644	+3.256	+0.189	+3.132	-0.793	+3.240	+3.080	+3.239	+3.079	-0.648	-0.794	-0.655	-0.644	-0.648	+0.178	+0.178	-0.655	-0.650	+3.077	+3.430	+0.152	+0.095	-0.655	+3.235	+0.309	+3.117	+3.054	+0.132	+0.146	+2.218	-0.656	-0.774	+0.183	-0.745	+0.183	+3.073	+3.251	+0.183	-0.642	+3.250	+0.185	+0.186	+0.186	-0.744	+3.122	-0.658	+3.247	+0.187	+3.247	-0.642	-0.658	+3.247	+3.069	-0.659	-0.744	-0.658	+0.189	-0.800	+3.317	+3.216	-0.154	-0.633	-0.633	-0.741	-0.652	-0.652	-0.761	-0.741	+3.231	+3.231	+0.167	
rs2424786      -0.816	-0.708	-0.816	-0.904	-0.910	-0.914	-0.884	-0.912	-0.900	-0.670	-0.907	-0.875	-0.751	-0.903	-0.710	-0.917	-0.908	-0.763	-0.904	-0.908	-0.771	-0.750	-0.771	-0.771	-0.890	-0.592	-0.882	-0.883	-0.878	-0.862	-0.727	-0.904	-0.883	-0.729	-0.901	-0.886	-0.886	-0.729	-0.885	-0.901	-0.803	-0.777	-0.857	-0.772	-0.895	-0.901	-0.887	-0.666	-0.883	-0.900	-0.893	-0.893	-0.770	-0.772	-0.770	-0.885	+2.768	+2.861	-0.776	+2.998	+2.291	+2.998	+2.923	+2.881	+2.828	+1.451	-0.835	-0.937	+2.995	+2.379	+2.873	-0.782	+2.979	+2.821	+2.978	+2.821	-0.936	-0.783	-0.930	-0.937	-0.936	+2.303	+2.303	-0.930	-0.913	+2.819	+3.170	+2.224	+2.041	-0.930	+2.975	+2.175	+2.858	+2.798	+2.381	+1.976	+2.014	-0.936	-0.750	+2.320	-0.861	+2.321	+2.815	+2.990	+2.322	-0.914	+2.990	+2.330	+2.330	+2.331	-0.857	+2.864	-0.926	+2.987	+2.335	+2.986	-0.914	-0.926	+2.986	+2.811	-0.935	-0.857	-0.926	+2.342	-0.893	+3.051	+2.956	+1.212	-0.875	-0.875	-0.854	-0.917	-0.917	-0.724	-0.854	+2.970	+2.971	+2.250	
rs117640896    -0.710	-0.885	-0.710	-0.617	-0.614	-0.579	-0.629	-0.607	-0.627	-0.891	-0.613	-0.579	-0.882	-0.605	-0.861	-0.593	-0.612	-0.675	-0.618	-0.608	-0.680	-0.663	-0.680	-0.680	-0.628	-0.882	-0.439	-0.585	-0.582	-0.563	-0.883	-0.593	-0.585	-0.884	-0.621	-0.587	-0.587	-0.883	-0.587	-0.624	-0.881	-0.882	-0.828	-0.885	-0.607	-0.618	-0.627	-0.786	-0.628	-0.628	-0.627	-0.826	-0.876	-0.881	-0.876	-0.626	+2.943	+3.015	-0.684	+3.154	+0.213	+3.154	+3.096	+3.036	+2.982	+1.596	-0.721	-0.502	+3.151	+0.159	+3.028	-0.787	+3.135	+2.975	+3.134	+2.975	-0.517	-0.787	-0.564	-0.502	-0.518	+0.148	+0.148	-0.564	-0.607	+2.972	+3.323	+0.122	+0.066	-0.564	+3.130	+0.278	+3.013	+2.952	+0.099	+0.116	+2.139	-0.553	-0.769	+0.152	-0.732	+0.153	+2.969	+3.145	+0.153	-0.625	+3.145	+0.155	+0.155	+0.156	-0.732	+3.019	-0.595	+3.142	+0.157	+3.142	-0.625	-0.594	+3.142	+2.965	-0.566	-0.732	-0.595	+0.159	-0.787	+3.208	+3.111	-0.182	-0.617	-0.617	-0.729	-0.607	-0.607	-0.757	-0.729	+3.126	+3.126	+0.137	
rs6119193      -0.711	-0.886	-0.711	-0.609	-0.608	-0.566	-0.625	-0.597	-0.623	-0.892	-0.604	-0.558	-0.883	-0.596	-0.862	-0.583	-0.602	-0.676	-0.609	-0.598	-0.681	-0.664	-0.681	-0.681	-0.624	-0.883	-0.585	-0.440	-0.554	-0.534	-0.883	-0.578	-0.558	-0.884	-0.612	-0.560	-0.560	-0.884	-0.561	-0.616	-0.882	-0.881	-0.826	-0.885	-0.595	-0.609	-0.621	-0.786	-0.621	-0.619	-0.616	-0.827	-0.875	-0.880	-0.875	-0.621	+2.975	+3.049	-0.685	+3.186	+0.215	+3.186	+3.129	+3.069	+3.017	+1.622	-0.722	-0.407	+3.184	+0.162	+3.061	-0.788	+3.167	+3.010	+3.166	+3.010	-0.436	-0.788	-0.536	-0.408	-0.437	+0.151	+0.151	-0.536	-0.595	+3.007	+3.363	+0.125	+0.068	-0.536	+3.163	+0.281	+3.047	+2.985	+0.101	+0.119	+2.169	-0.503	-0.770	+0.155	-0.734	+0.156	+3.004	+3.178	+0.156	-0.613	+3.178	+0.158	+0.158	+0.158	-0.734	+3.052	-0.577	+3.175	+0.160	+3.174	-0.613	-0.577	+3.174	+3.000	-0.524	-0.734	-0.577	+0.162	-0.788	+3.242	+3.143	-0.179	-0.610	-0.610	-0.730	-0.594	-0.595	-0.757	-0.730	+3.158	+3.158	+0.140	
rs113358177    -0.706	-0.881	-0.706	-0.600	-0.599	-0.553	-0.619	-0.587	-0.615	-0.887	-0.595	-0.556	-0.879	-0.586	-0.858	-0.572	-0.593	-0.671	-0.600	-0.588	-0.676	-0.659	-0.676	-0.676	-0.618	-0.878	-0.582	-0.554	-0.434	-0.537	-0.879	-0.569	-0.554	-0.880	-0.604	-0.555	-0.555	-0.880	-0.557	-0.608	-0.877	-0.875	-0.823	-0.880	-0.589	-0.600	-0.616	-0.783	-0.615	-0.612	-0.611	-0.822	-0.871	-0.876	-0.871	-0.615	+2.983	+3.058	-0.680	+3.195	+0.213	+3.195	+3.137	+3.077	+3.026	+1.629	-0.717	-0.369	+3.192	+0.160	+3.070	-0.783	+3.176	+3.019	+3.175	+3.018	-0.403	-0.783	-0.517	-0.370	-0.403	+0.148	+0.148	-0.517	-0.586	+3.016	+3.371	+0.123	+0.066	-0.518	+3.171	+0.278	+3.055	+2.993	+0.099	+0.117	+2.177	-0.479	-0.765	+0.153	-0.729	+0.153	+3.013	+3.186	+0.154	-0.605	+3.186	+0.156	+0.156	+0.156	-0.728	+3.060	-0.565	+3.183	+0.157	+3.183	-0.605	-0.564	+3.183	+3.008	-0.503	-0.729	-0.565	+0.159	-0.783	+3.251	+3.152	-0.180	-0.606	-0.606	-0.725	-0.585	-0.586	-0.753	-0.725	+3.167	+3.167	+0.137	
rs1811871      -0.688	-0.861	-0.688	-0.566	-0.559	-0.506	-0.594	-0.549	-0.584	-0.868	-0.560	-0.537	-0.862	-0.549	-0.844	-0.520	-0.557	-0.653	-0.568	-0.551	-0.658	-0.642	-0.659	-0.659	-0.591	-0.862	-0.563	-0.534	-0.537	-0.415	-0.863	-0.516	-0.535	-0.864	-0.573	-0.532	-0.532	-0.863	-0.535	-0.578	-0.860	-0.856	-0.809	-0.862	-0.559	-0.569	-0.593	-0.773	-0.593	-0.586	-0.591	-0.804	-0.855	-0.859	-0.855	-0.590	+3.015	+3.089	-0.663	+3.226	+0.207	+3.226	+3.168	+3.108	+3.057	+1.654	-0.698	-0.237	+3.223	+0.153	+3.101	-0.766	+3.207	+3.049	+3.206	+3.049	-0.283	-0.767	-0.412	-0.239	-0.283	+0.141	+0.141	-0.412	-0.541	+3.047	+3.396	+0.116	+0.061	-0.413	+3.202	+0.271	+3.086	+3.024	+0.093	+0.110	+2.202	-0.394	-0.749	+0.146	-0.710	+0.146	+3.043	+3.217	+0.147	-0.575	+3.217	+0.149	+0.149	+0.149	-0.710	+3.091	-0.499	+3.214	+0.150	+3.214	-0.575	-0.499	+3.214	+3.039	-0.427	-0.710	-0.499	+0.152	-0.765	+3.282	+3.183	-0.184	-0.587	-0.587	-0.706	-0.537	-0.539	-0.737	-0.706	+3.198	+3.198	+0.131	
rs1811870      -0.816	-0.706	-0.817	-0.904	-0.910	-0.914	-0.885	-0.912	-0.900	-0.664	-0.907	-0.876	-0.750	-0.904	-0.709	-0.917	-0.908	-0.764	-0.905	-0.909	-0.771	-0.751	-0.771	-0.771	-0.891	-0.727	-0.883	-0.883	-0.879	-0.863	-0.593	-0.905	-0.883	-0.726	-0.902	-0.886	-0.886	-0.726	-0.885	-0.901	-0.803	-0.776	-0.857	-0.772	-0.895	-0.902	-0.888	-0.667	-0.884	-0.901	-0.893	-0.893	-0.769	-0.771	-0.769	-0.885	+2.769	+2.862	-0.777	+2.999	+2.283	+3.000	+2.924	+2.882	+2.830	+1.452	-0.835	-0.937	+2.997	+2.370	+2.874	-0.783	+2.980	+2.823	+2.980	+2.822	-0.937	-0.783	-0.930	-0.938	-0.937	+2.294	+2.294	-0.930	-0.913	+2.820	+3.171	+2.216	+2.033	-0.930	+2.976	+2.167	+2.859	+2.799	+2.370	+1.969	+2.016	-0.937	-0.751	+2.311	-0.861	+2.312	+2.817	+2.991	+2.313	-0.915	+2.991	+2.321	+2.321	+2.322	-0.858	+2.865	-0.926	+2.988	+2.326	+2.988	-0.915	-0.926	+2.988	+2.813	-0.935	-0.858	-0.926	+2.333	-0.893	+3.053	+2.957	+1.205	-0.875	-0.875	-0.855	-0.918	-0.917	-0.725	-0.855	+2.972	+2.972	+2.241	
rs6118950      -0.737	-0.915	-0.737	-0.645	-0.641	-0.621	-0.640	-0.640	-0.645	-0.919	-0.643	-0.556	-0.905	-0.637	-0.879	-0.622	-0.641	-0.701	-0.643	-0.640	-0.706	-0.689	-0.706	-0.706	-0.639	-0.904	-0.593	-0.578	-0.569	-0.516	-0.905	-0.469	-0.578	-0.906	-0.643	-0.585	-0.585	-0.906	-0.584	-0.645	-0.905	-0.909	-0.843	-0.910	-0.620	-0.652	-0.637	-0.797	-0.647	-0.652	-0.635	-0.854	-0.896	-0.902	-0.896	-0.642	+2.959	+3.034	-0.710	+3.172	+0.234	+3.172	+3.113	+3.054	+3.002	+1.610	-0.748	-0.584	+3.169	+0.183	+3.046	-0.811	+3.152	+2.995	+3.152	+2.995	-0.594	-0.811	-0.618	-0.585	-0.594	+0.172	+0.172	-0.618	-0.627	+2.992	+3.342	+0.146	+0.088	-0.618	+3.148	+0.303	+3.032	+2.969	+0.123	+0.139	+2.159	-0.617	-0.792	+0.177	-0.761	+0.177	+2.989	+3.163	+0.177	-0.651	+3.163	+0.180	+0.180	+0.180	-0.761	+3.037	-0.631	+3.160	+0.181	+3.160	-0.651	-0.631	+3.160	+2.984	-0.623	-0.761	-0.631	+0.183	-0.816	+3.228	+3.128	-0.164	-0.619	-0.619	-0.757	-0.630	-0.633	-0.779	-0.757	+3.144	+3.144	+0.161	
rs146693647    -0.711	-0.886	-0.711	-0.608	-0.608	-0.565	-0.625	-0.597	-0.622	-0.892	-0.604	-0.558	-0.883	-0.596	-0.862	-0.583	-0.602	-0.676	-0.609	-0.598	-0.681	-0.664	-0.681	-0.681	-0.624	-0.883	-0.585	-0.558	-0.554	-0.535	-0.883	-0.578	-0.440	-0.884	-0.612	-0.560	-0.560	-0.884	-0.561	-0.616	-0.882	-0.881	-0.826	-0.885	-0.595	-0.609	-0.621	-0.786	-0.621	-0.619	-0.616	-0.827	-0.875	-0.880	-0.875	-0.621	+2.975	+3.050	-0.685	+3.187	+0.215	+3.187	+3.129	+3.069	+3.017	+1.622	-0.722	-0.406	+3.184	+0.162	+3.061	-0.788	+3.167	+3.010	+3.167	+3.010	-0.435	-0.788	-0.535	-0.407	-0.435	+0.150	+0.150	-0.535	-0.594	+3.008	+3.363	+0.125	+0.068	-0.536	+3.163	+0.281	+3.047	+2.985	+0.101	+0.119	+2.169	-0.503	-0.770	+0.155	-0.734	+0.155	+3.004	+3.178	+0.156	-0.613	+3.178	+0.158	+0.158	+0.158	-0.734	+3.052	-0.577	+3.175	+0.160	+3.174	-0.613	-0.577	+3.175	+3.000	-0.523	-0.734	-0.577	+0.161	-0.788	+3.242	+3.143	-0.179	-0.610	-0.610	-0.730	-0.594	-0.595	-0.757	-0.730	+3.158	+3.159	+0.139	
rs1830547      -0.819	-0.716	-0.819	-0.906	-0.912	-0.917	-0.886	-0.914	-0.902	-0.680	-0.909	-0.877	-0.752	-0.906	-0.705	-0.919	-0.910	-0.767	-0.907	-0.911	-0.774	-0.754	-0.774	-0.774	-0.892	-0.729	-0.884	-0.884	-0.880	-0.864	-0.726	-0.906	-0.884	-0.595	-0.904	-0.888	-0.888	-0.727	-0.886	-0.903	-0.805	-0.781	-0.857	-0.776	-0.896	-0.903	-0.889	-0.662	-0.885	-0.903	-0.895	-0.896	-0.769	-0.772	-0.769	-0.887	+2.765	+2.858	-0.780	+2.995	+2.322	+2.995	+2.921	+2.878	+2.826	+1.449	-0.838	-0.939	+2.993	+2.407	+2.870	-0.787	+2.976	+2.819	+2.976	+2.818	-0.939	-0.787	-0.932	-0.940	-0.939	+2.331	+2.331	-0.932	-0.915	+2.816	+3.167	+2.252	+2.068	-0.932	+2.972	+2.198	+2.855	+2.795	+2.414	+2.002	+2.012	-0.939	-0.755	+2.348	-0.864	+2.349	+2.813	+2.987	+2.350	-0.916	+2.987	+2.358	+2.358	+2.359	-0.860	+2.861	-0.928	+2.984	+2.363	+2.984	-0.916	-0.928	+2.984	+2.809	-0.937	-0.860	-0.928	+2.370	-0.896	+3.049	+2.953	+1.234	-0.877	-0.877	-0.857	-0.919	-0.919	-0.729	-0.857	+2.968	+2.968	+2.277	
rs141954046    -0.736	-0.919	-0.736	-0.618	-0.615	-0.583	-0.586	-0.598	-0.592	-0.921	-0.603	-0.598	-0.902	-0.595	-0.873	-0.637	-0.594	-0.698	-0.595	-0.598	-0.704	-0.686	-0.704	-0.704	-0.570	-0.901	-0.621	-0.612	-0.604	-0.573	-0.902	-0.643	-0.612	-0.904	-0.468	-0.618	-0.618	-0.903	-0.615	-0.590	-0.905	-0.912	-0.832	-0.910	-0.647	-0.621	-0.582	-0.785	-0.610	-0.613	-0.624	-0.854	-0.892	-0.899	-0.892	-0.596	+2.998	+3.075	-0.708	+3.213	+0.270	+3.214	+3.153	+3.094	+3.042	+1.630	-0.747	-0.673	+3.211	+0.209	+3.087	-0.807	+3.194	+3.035	+3.193	+3.035	-0.675	-0.807	-0.675	-0.674	-0.675	+0.197	+0.197	-0.675	-0.656	+3.032	+3.392	+0.171	+0.113	-0.675	+3.190	+0.330	+3.072	+3.009	+0.152	+0.164	+2.183	-0.678	-0.787	+0.202	-0.761	+0.202	+3.029	+3.205	+0.203	-0.648	+3.205	+0.205	+0.205	+0.205	-0.761	+3.077	-0.671	+3.202	+0.207	+3.201	-0.648	-0.671	+3.202	+3.024	-0.678	-0.761	-0.671	+0.208	-0.816	+3.271	+3.170	-0.139	-0.631	-0.631	-0.757	-0.659	-0.661	-0.774	-0.757	+3.185	+3.185	+0.186	
rs73239875     -0.715	-0.890	-0.714	-0.615	-0.615	-0.574	-0.629	-0.604	-0.627	-0.896	-0.611	-0.558	-0.886	-0.603	-0.864	-0.592	-0.609	-0.679	-0.615	-0.605	-0.684	-0.668	-0.685	-0.685	-0.628	-0.886	-0.587	-0.560	-0.555	-0.532	-0.886	-0.585	-0.560	-0.888	-0.618	-0.444	-0.562	-0.887	-0.563	-0.621	-0.885	-0.885	-0.829	-0.888	-0.599	-0.614	-0.624	-0.788	-0.625	-0.624	-0.620	-0.831	-0.878	-0.883	-0.878	-0.625	+2.969	+3.043	-0.689	+3.180	+0.217	+3.180	+3.122	+3.063	+3.011	+1.616	-0.725	-0.434	+3.177	+0.164	+3.055	-0.791	+3.161	+3.004	+3.160	+3.004	-0.460	-0.791	-0.549	-0.435	-0.460	+0.152	+0.152	-0.549	-0.601	+3.001	+3.356	+0.126	+0.070	-0.549	+3.157	+0.283	+3.040	+2.978	+0.103	+0.120	+2.164	-0.520	-0.773	+0.157	-0.738	+0.157	+2.998	+3.172	+0.158	-0.618	+3.171	+0.160	+0.160	+0.160	-0.737	+3.046	-0.586	+3.168	+0.161	+3.168	-0.619	-0.586	+3.168	+2.994	-0.539	-0.737	-0.586	+0.163	-0.792	+3.236	+3.137	-0.178	-0.613	-0.613	-0.734	-0.601	-0.602	-0.761	-0.734	+3.152	+3.152	+0.141	
rs112548054    -0.715	-0.890	-0.715	-0.615	-0.615	-0.574	-0.629	-0.605	-0.627	-0.896	-0.611	-0.558	-0.886	-0.603	-0.864	-0.592	-0.609	-0.679	-0.615	-0.605	-0.684	-0.668	-0.685	-0.685	-0.628	-0.886	-0.587	-0.560	-0.555	-0.532	-0.886	-0.585	-0.560	-0.888	-0.618	-0.562	-0.444	-0.887	-0.563	-0.621	-0.885	-0.885	-0.829	-0.888	-0.599	-0.614	-0.624	-0.788	-0.625	-0.624	-0.620	-0.831	-0.878	-0.883	-0.879	-0.625	+2.969	+3.043	-0.689	+3.180	+0.217	+3.180	+3.122	+3.063	+3.011	+1.616	-0.725	-0.434	+3.177	+0.164	+3.055	-0.791	+3.161	+3.004	+3.160	+3.004	-0.460	-0.791	-0.549	-0.435	-0.461	+0.152	+0.152	-0.549	-0.601	+3.001	+3.356	+0.126	+0.070	-0.550	+3.156	+0.283	+3.040	+2.978	+0.103	+0.120	+2.164	-0.520	-0.773	+0.157	-0.738	+0.157	+2.998	+3.172	+0.158	-0.618	+3.171	+0.160	+0.160	+0.160	-0.737	+3.045	-0.586	+3.168	+0.161	+3.168	-0.619	-0.586	+3.168	+2.994	-0.539	-0.737	-0.586	+0.163	-0.792	+3.236	+3.137	-0.178	-0.613	-0.613	-0.734	-0.601	-0.602	-0.761	-0.734	+3.152	+3.152	+0.141	
rs2424788      -0.818	-0.713	-0.819	-0.906	-0.912	-0.916	-0.886	-0.913	-0.901	-0.675	-0.908	-0.876	-0.752	-0.905	-0.707	-0.918	-0.909	-0.766	-0.906	-0.910	-0.773	-0.752	-0.773	-0.773	-0.892	-0.729	-0.883	-0.884	-0.880	-0.863	-0.726	-0.906	-0.884	-0.727	-0.903	-0.887	-0.887	-0.594	-0.886	-0.902	-0.804	-0.779	-0.857	-0.774	-0.896	-0.903	-0.889	-0.664	-0.885	-0.902	-0.894	-0.895	-0.769	-0.772	-0.769	-0.886	+2.766	+2.859	-0.779	+2.997	+2.309	+2.997	+2.922	+2.879	+2.827	+1.450	-0.837	-0.939	+2.994	+2.393	+2.872	-0.785	+2.978	+2.820	+2.977	+2.820	-0.938	-0.786	-0.931	-0.939	-0.938	+2.317	+2.317	-0.931	-0.914	+2.817	+3.168	+2.238	+2.055	-0.931	+2.973	+2.187	+2.857	+2.796	+2.400	+1.990	+2.013	-0.938	-0.754	+2.334	-0.863	+2.335	+2.814	+2.989	+2.336	-0.916	+2.988	+2.344	+2.344	+2.345	-0.859	+2.862	-0.927	+2.985	+2.349	+2.985	-0.916	-0.927	+2.985	+2.810	-0.936	-0.859	-0.927	+2.356	-0.895	+3.050	+2.955	+1.223	-0.876	-0.876	-0.856	-0.919	-0.918	-0.728	-0.856	+2.969	+2.969	+2.264	
rs57799207     -0.713	-0.889	-0.713	-0.613	-0.613	-0.570	-0.627	-0.601	-0.625	-0.894	-0.607	-0.559	-0.885	-0.599	-0.863	-0.589	-0.605	-0.678	-0.612	-0.601	-0.683	-0.666	-0.683	-0.683	-0.626	-0.885	-0.587	-0.561	-0.557	-0.535	-0.885	-0.584	-0.561	-0.886	-0.615	-0.563	-0.563	-0.886	-0.442	-0.618	-0.884	-0.883	-0.828	-0.887	-0.598	-0.611	-0.622	-0.787	-0.623	-0.621	-0.619	-0.830	-0.877	-0.882	-0.877	-0.623	+2.976	+3.051	-0.687	+3.188	+0.216	+3.188	+3.130	+3.070	+3.019	+1.622	-0.724	-0.414	+3.185	+0.163	+3.062	-0.790	+3.168	+3.011	+3.168	+3.011	-0.443	-0.790	-0.540	-0.415	-0.443	+0.151	+0.151	-0.541	-0.597	+3.009	+3.364	+0.125	+0.069	-0.541	+3.164	+0.281	+3.048	+2.986	+0.102	+0.119	+2.170	-0.509	-0.772	+0.156	-0.736	+0.156	+3.005	+3.179	+0.156	-0.615	+3.179	+0.159	+0.159	+0.159	-0.736	+3.053	-0.581	+3.176	+0.160	+3.176	-0.615	-0.581	+3.176	+3.001	-0.529	-0.736	-0.581	+0.162	-0.790	+3.244	+3.144	-0.179	-0.611	-0.611	-0.732	-0.597	-0.598	-0.759	-0.732	+3.160	+3.160	+0.140	
rs6119199      -0.734	-0.917	-0.734	-0.615	-0.612	-0.569	-0.588	-0.590	-0.593	-0.919	-0.597	-0.603	-0.902	-0.587	-0.872	-0.634	-0.588	-0.697	-0.591	-0.590	-0.702	-0.685	-0.702	-0.702	-0.575	-0.901	-0.624	-0.616	-0.608	-0.578	-0.901	-0.645	-0.616	-0.903	-0.590	-0.621	-0.621	-0.902	-0.618	-0.466	-0.904	-0.911	-0.832	-0.909	-0.649	-0.619	-0.585	-0.786	-0.611	-0.613	-0.626	-0.852	-0.892	-0.898	-0.892	-0.597	+3.006	+3.083	-0.706	+3.222	+0.264	+3.222	+3.161	+3.103	+3.050	+1.636	-0.746	-0.668	+3.219	+0.203	+3.095	-0.806	+3.202	+3.043	+3.202	+3.043	-0.670	-0.806	-0.672	-0.668	-0.670	+0.191	+0.191	-0.672	-0.656	+3.040	+3.400	+0.165	+0.107	-0.672	+3.198	+0.323	+3.080	+3.017	+0.146	+0.159	+2.189	-0.674	-0.786	+0.196	-0.759	+0.196	+3.037	+3.213	+0.197	-0.647	+3.213	+0.199	+0.199	+0.199	-0.759	+3.085	-0.670	+3.210	+0.201	+3.210	-0.647	-0.670	+3.210	+3.032	-0.675	-0.759	-0.670	+0.202	-0.814	+3.280	+3.178	-0.144	-0.632	-0.632	-0.755	-0.659	-0.660	-0.773	-0.755	+3.194	+3.194	+0.180	
