## Summary of overall evidence for association with region:
## log10(BF for region) = 3.2868
## p-value for region = NA

## BFs for choosing among multi-SNP models:
## log10(average 1-SNP BF) = 3.34427
## log10(average 2-SNP BF) = 3.14234

## Example posterior probabilities for multi-SNP models, based on default prior: [p(l) propto 0.5^l for l=1,2,...,L]
## posterior probability of 1-SNP = 0.760991
## posterior probability of 2-SNP = 0.239009

## log10(BF) for single SNP and pair of SNPs:
rs79020748     -0.466	-0.496	+0.484	-0.585	-0.526	-0.586	-0.701	+0.404	+0.418	-0.693	-0.561	+0.506	-0.430	-0.650	-0.499	+0.279	-0.843	-0.879	-0.579	-0.621	-0.476	-0.616	-0.905	-0.165	-0.639	-0.680	-0.545	-0.540	-0.551	-0.513	-0.346	-0.515	-0.175	-0.524	-0.745	-0.519	-0.516	-0.805	-0.274	-0.809	-0.688	-0.626	-0.615	-0.644	-0.162	-0.141	-0.614	-0.905	-0.905	-0.940	-0.629	-0.762	-0.807	-0.726	-0.788	-0.796	-0.727	-0.795	-0.486	-0.486	-0.536	+0.289	-0.791	-0.620	-0.454	-0.796	-0.799	-0.800	+0.974	+0.375	-0.715	-0.803	+0.379	-0.716	-0.807	+0.447	-0.809	-0.799	-0.810	+2.066	-0.810	-0.810	-0.802	-0.802	-0.811	-0.811	-0.811	-0.812	-0.812	-0.424	+3.217	-0.726	+4.210	-0.816	-0.478	-0.815	+3.443	+4.516	-0.665	-0.818	+4.460	+0.779	+0.302	+3.019	+0.343	-0.727	+3.027	+0.344	-0.496	-0.678	-0.377	-0.729	+3.044	+0.305	+0.325	-0.811	+0.295	+0.314	-0.165	+0.263	-0.161	-0.560	-0.806	+1.974	+1.960	+1.969	+3.122	-0.116	-0.815	+0.914	-0.815	-0.135	-0.829	-0.835	-0.417	-0.708	-0.436	-0.701	-0.217	-0.248	-0.261	-0.265	-0.263	-0.541	-0.438	-0.275	-0.284	-0.661	-0.268	-0.360	-0.277	-0.268	+0.227	-0.221	-0.115	-0.689	-0.090	-0.085	-0.095	
rs6080686      -0.496	-0.149	+0.424	-0.496	-0.286	-0.496	+0.056	+0.343	+0.358	+0.076	-0.429	+0.442	-0.351	+0.002	-0.387	+0.220	-0.464	-0.556	+0.105	-0.497	-0.374	-0.496	-0.446	-0.167	-0.501	-0.519	+0.160	+0.168	-0.419	-0.427	-0.263	-0.428	-0.174	-0.431	-0.469	+0.213	-0.428	-0.552	-0.249	-0.550	-0.391	-0.477	-0.471	-0.486	-0.161	-0.143	-0.469	-0.605	-0.605	-0.460	-0.389	-0.414	-0.524	-0.464	-0.513	-0.517	-0.464	-0.516	-0.042	-0.042	-0.232	+0.450	-0.514	-0.246	-0.006	-0.517	-0.527	-0.519	+1.002	+0.551	-0.453	-0.521	+0.554	-0.453	-0.524	+0.500	-0.525	-0.519	-0.525	+2.389	-0.526	-0.526	-0.520	-0.520	-0.526	-0.526	-0.526	-0.527	-0.527	+0.028	+3.245	-0.462	+4.276	-0.529	-0.291	-0.529	+3.479	+4.590	-0.484	-0.530	+4.522	+0.855	+0.513	+3.082	+0.542	-0.525	+3.091	+0.549	-0.132	-0.460	+0.022	-0.464	+3.107	+0.504	+0.523	-0.526	+0.496	+0.515	+0.234	+0.473	+0.247	-0.255	-0.553	+2.354	+2.339	+2.349	+3.177	+0.395	-0.528	+1.641	-0.528	+0.372	-0.533	-0.535	+0.066	-0.445	-0.037	-0.312	+0.247	+0.213	+0.198	+0.194	+0.196	-0.313	+0.033	+0.182	+0.173	-0.409	+0.189	+0.129	+0.179	+0.190	+0.642	+0.288	+0.114	-0.395	+0.138	+0.143	+0.133	
rs6044800      +0.484	+0.424	+0.909	+0.484	+0.425	+0.485	+0.501	+0.826	+0.830	+0.506	+0.611	+0.850	+0.643	+0.506	+0.604	+0.681	+0.464	+0.440	+0.549	+0.483	+0.618	+0.485	+0.584	+0.698	+0.479	+0.472	+0.574	+0.577	+0.621	+0.562	+0.811	+0.561	+0.687	+0.557	+0.515	+0.601	+0.561	+0.411	+0.694	+0.449	+0.646	+0.507	+0.513	+0.497	+0.621	+0.616	+0.516	+0.379	+0.379	+0.516	+0.484	+0.748	+0.449	+0.522	+0.457	+0.455	+0.521	+0.455	+0.636	+0.636	+0.516	+1.049	+0.457	+0.517	+0.663	+0.454	+0.442	+0.452	+1.473	+1.137	+0.534	+0.451	+1.140	+0.534	+0.449	+1.035	+0.448	+0.453	+0.448	+3.118	+0.448	+0.448	+0.453	+0.453	+0.448	+0.448	+0.448	+0.447	+0.447	+0.687	+3.772	+0.524	+4.777	+0.446	+0.653	+0.446	+3.963	+5.042	+0.472	+0.445	+5.017	+1.350	+1.105	+3.629	+1.135	+0.426	+3.638	+1.134	+0.621	+0.497	+0.703	+0.521	+3.654	+1.106	+1.122	+0.448	+1.099	+1.115	+0.870	+1.070	+0.869	+0.932	+0.407	+3.088	+3.074	+3.083	+3.728	+0.945	+0.448	+2.413	+0.448	+0.930	+0.446	+0.446	+0.730	+0.537	+0.653	+0.480	+0.858	+0.832	+0.821	+0.818	+0.819	+0.481	+0.713	+0.809	+0.802	+0.574	+0.815	+0.784	+0.808	+0.816	+1.217	+0.909	+1.169	+0.597	+1.195	+1.200	+1.190	
rs17715573     -0.585	-0.496	+0.484	-0.466	-0.526	-0.586	-0.702	+0.404	+0.418	-0.693	-0.563	+0.506	-0.433	-0.651	-0.501	+0.279	-0.843	-0.880	-0.580	-0.621	-0.478	-0.617	-0.905	-0.165	-0.639	-0.681	-0.546	-0.541	-0.553	-0.515	-0.349	-0.517	-0.175	-0.527	-0.746	-0.519	-0.518	-0.805	-0.274	-0.809	-0.690	-0.628	-0.617	-0.645	-0.162	-0.141	-0.616	-0.906	-0.905	-0.940	-0.630	-0.763	-0.808	-0.727	-0.789	-0.796	-0.728	-0.795	-0.487	-0.487	-0.536	+0.290	-0.791	-0.620	-0.455	-0.797	-0.799	-0.800	+0.974	+0.375	-0.716	-0.803	+0.379	-0.716	-0.808	+0.447	-0.810	-0.800	-0.811	+2.067	-0.811	-0.811	-0.802	-0.802	-0.811	-0.812	-0.812	-0.812	-0.812	-0.425	+3.217	-0.726	+4.211	-0.816	-0.479	-0.816	+3.443	+4.516	-0.665	-0.819	+4.460	+0.780	+0.302	+3.019	+0.344	-0.727	+3.028	+0.345	-0.496	-0.679	-0.377	-0.729	+3.045	+0.305	+0.325	-0.812	+0.295	+0.314	-0.165	+0.263	-0.161	-0.561	-0.807	+1.975	+1.960	+1.970	+3.122	-0.117	-0.816	+0.914	-0.816	-0.136	-0.829	-0.836	-0.418	-0.708	-0.437	-0.702	-0.218	-0.249	-0.262	-0.266	-0.264	-0.541	-0.439	-0.276	-0.285	-0.661	-0.269	-0.361	-0.278	-0.269	+0.227	-0.222	-0.115	-0.689	-0.090	-0.085	-0.095	
rs2269002      -0.526	-0.286	+0.425	-0.526	-0.180	-0.526	+0.012	+0.342	+0.357	+0.032	-0.462	+0.443	-0.386	-0.036	-0.421	+0.209	-0.498	-0.587	+0.065	-0.528	-0.408	-0.527	-0.482	-0.182	-0.532	-0.549	+0.120	+0.128	-0.453	-0.460	-0.300	-0.461	-0.189	-0.465	-0.503	+0.172	-0.461	-0.582	-0.266	-0.582	-0.427	-0.509	-0.504	-0.518	-0.176	-0.159	-0.501	-0.635	-0.635	-0.496	-0.422	-0.445	-0.553	-0.494	-0.541	-0.546	-0.494	-0.545	-0.077	-0.077	-0.259	+0.422	-0.542	-0.277	-0.040	-0.546	-0.555	-0.548	+0.981	+0.521	-0.484	-0.550	+0.525	-0.484	-0.553	+0.478	-0.554	-0.548	-0.555	+2.350	-0.555	-0.555	-0.549	-0.549	-0.555	-0.555	-0.555	-0.556	-0.556	-0.007	+3.221	-0.492	+4.248	-0.558	-0.319	-0.558	+3.454	+4.562	-0.511	-0.559	+4.493	+0.831	+0.482	+3.056	+0.512	-0.553	+3.065	+0.518	-0.163	-0.489	-0.009	-0.494	+3.081	+0.473	+0.492	-0.556	+0.465	+0.484	+0.203	+0.442	+0.216	-0.283	-0.582	+2.314	+2.299	+2.308	+3.151	+0.357	-0.557	+1.605	-0.557	+0.335	-0.563	-0.565	+0.030	-0.474	-0.070	-0.345	+0.212	+0.178	+0.163	+0.159	+0.161	-0.342	-0.003	+0.147	+0.138	-0.437	+0.154	+0.094	+0.144	+0.155	+0.612	+0.252	+0.085	-0.425	+0.109	+0.114	+0.104	
rs7269363      -0.586	-0.496	+0.485	-0.586	-0.526	-0.468	-0.704	+0.404	+0.419	-0.696	-0.572	+0.506	-0.444	-0.654	-0.511	+0.279	-0.844	-0.881	-0.583	-0.625	-0.488	-0.621	-0.907	-0.165	-0.641	-0.684	-0.549	-0.544	-0.560	-0.525	-0.359	-0.526	-0.175	-0.536	-0.751	-0.522	-0.528	-0.805	-0.274	-0.812	-0.695	-0.634	-0.623	-0.650	-0.163	-0.141	-0.622	-0.909	-0.908	-0.941	-0.635	-0.765	-0.810	-0.729	-0.791	-0.798	-0.730	-0.798	-0.490	-0.490	-0.536	+0.291	-0.794	-0.620	-0.458	-0.799	-0.802	-0.802	+0.976	+0.377	-0.719	-0.805	+0.380	-0.719	-0.810	+0.447	-0.812	-0.802	-0.813	+2.070	-0.813	-0.813	-0.804	-0.804	-0.813	-0.814	-0.814	-0.815	-0.815	-0.429	+3.219	-0.728	+4.214	-0.819	-0.481	-0.818	+3.445	+4.519	-0.665	-0.821	+4.464	+0.781	+0.304	+3.020	+0.345	-0.726	+3.029	+0.346	-0.495	-0.681	-0.376	-0.731	+3.046	+0.307	+0.327	-0.814	+0.297	+0.316	-0.164	+0.265	-0.160	-0.564	-0.809	+1.978	+1.963	+1.972	+3.124	-0.121	-0.818	+0.915	-0.818	-0.139	-0.832	-0.838	-0.421	-0.709	-0.440	-0.705	-0.222	-0.253	-0.266	-0.269	-0.268	-0.542	-0.442	-0.280	-0.288	-0.660	-0.273	-0.364	-0.281	-0.272	+0.227	-0.225	-0.117	-0.691	-0.092	-0.087	-0.097	
rs7265632      -0.701	+0.056	+0.501	-0.702	+0.012	-0.704	-0.376	+0.420	+0.435	-0.482	-0.736	+0.520	-0.702	-0.572	-0.722	+0.292	-0.560	-0.641	-0.513	-0.727	-0.715	-0.728	-0.682	-0.131	-0.723	-0.745	-0.478	-0.473	-0.727	-0.731	-0.639	-0.732	-0.140	-0.734	-0.790	-0.453	-0.732	-0.509	-0.236	-0.804	-0.768	-0.747	-0.746	-0.746	-0.128	-0.107	-0.745	-0.790	-0.790	-0.764	-0.677	-0.675	-0.718	-0.692	-0.696	-0.704	-0.692	-0.703	-0.501	-0.500	-0.508	+0.297	-0.699	-0.596	-0.472	-0.705	-0.706	-0.709	+0.990	+0.376	-0.692	-0.712	+0.379	-0.692	-0.717	+0.481	-0.719	-0.708	-0.720	+2.051	-0.720	-0.720	-0.710	-0.710	-0.721	-0.721	-0.722	-0.722	-0.722	-0.445	+3.256	-0.693	+4.216	-0.726	-0.324	-0.726	+3.463	+4.503	-0.513	-0.729	+4.462	+0.796	+0.299	+3.055	+0.343	-0.574	+3.063	+0.342	-0.479	-0.537	-0.371	-0.691	+3.080	+0.307	+0.326	-0.721	+0.297	+0.315	-0.169	+0.264	-0.165	-0.441	-0.689	+1.953	+1.939	+1.948	+3.160	-0.157	-0.725	+0.897	-0.726	-0.175	-0.741	-0.749	-0.439	-0.629	-0.465	-0.687	-0.262	-0.291	-0.303	-0.306	-0.305	-0.487	-0.458	-0.315	-0.324	-0.577	-0.309	-0.387	-0.317	-0.309	+0.222	-0.258	+0.059	-0.600	+0.086	+0.091	+0.081	
rs6080691      +0.404	+0.343	+0.826	+0.404	+0.342	+0.404	+0.420	+0.825	+0.795	+0.425	+0.525	+0.830	+0.557	+0.426	+0.519	+0.627	+0.371	+0.348	+0.469	+0.402	+0.532	+0.404	+0.483	+0.608	+0.398	+0.391	+0.493	+0.497	+0.535	+0.478	+0.721	+0.477	+0.598	+0.473	+0.431	+0.520	+0.476	+0.323	+0.602	+0.366	+0.558	+0.424	+0.430	+0.414	+0.539	+0.536	+0.433	+0.295	+0.294	+0.420	+0.404	+0.661	+0.370	+0.441	+0.378	+0.375	+0.440	+0.376	+0.554	+0.555	+0.440	+0.981	+0.378	+0.438	+0.581	+0.375	+0.363	+0.373	+1.415	+1.068	+0.453	+0.372	+1.071	+0.453	+0.370	+0.973	+0.369	+0.373	+0.369	+3.038	+0.369	+0.369	+0.374	+0.374	+0.368	+0.368	+0.368	+0.368	+0.368	+0.606	+3.708	+0.444	+4.713	+0.366	+0.579	+0.366	+3.901	+4.979	+0.397	+0.366	+4.953	+1.288	+1.035	+3.563	+1.072	+0.351	+3.572	+1.071	+0.546	+0.420	+0.630	+0.441	+3.589	+1.043	+1.059	+0.369	+1.036	+1.052	+0.799	+1.006	+0.798	+0.839	+0.330	+3.005	+2.991	+3.000	+3.662	+0.871	+0.368	+2.318	+0.368	+0.855	+0.366	+0.366	+0.653	+0.458	+0.578	+0.402	+0.783	+0.757	+0.746	+0.743	+0.745	+0.409	+0.637	+0.734	+0.728	+0.495	+0.741	+0.707	+0.734	+0.742	+1.147	+0.832	+1.095	+0.517	+1.121	+1.126	+1.116	
rs6136089      +0.418	+0.358	+0.830	+0.418	+0.357	+0.419	+0.435	+0.795	+0.840	+0.439	+0.540	+0.834	+0.573	+0.440	+0.535	+0.637	+0.388	+0.365	+0.483	+0.417	+0.548	+0.419	+0.503	+0.629	+0.413	+0.406	+0.507	+0.511	+0.551	+0.493	+0.738	+0.492	+0.619	+0.488	+0.446	+0.534	+0.492	+0.340	+0.624	+0.381	+0.575	+0.440	+0.446	+0.429	+0.557	+0.553	+0.448	+0.310	+0.310	+0.438	+0.419	+0.678	+0.385	+0.456	+0.393	+0.390	+0.455	+0.390	+0.568	+0.569	+0.453	+0.992	+0.392	+0.452	+0.595	+0.389	+0.378	+0.388	+1.424	+1.079	+0.468	+0.386	+1.082	+0.468	+0.385	+0.984	+0.384	+0.388	+0.383	+3.051	+0.383	+0.383	+0.388	+0.388	+0.383	+0.383	+0.383	+0.383	+0.383	+0.620	+3.719	+0.459	+4.723	+0.381	+0.592	+0.381	+3.911	+4.990	+0.411	+0.380	+4.963	+1.298	+1.047	+3.574	+1.084	+0.365	+3.583	+1.083	+0.560	+0.434	+0.644	+0.456	+3.599	+1.055	+1.071	+0.383	+1.048	+1.064	+0.812	+1.018	+0.811	+0.855	+0.344	+3.020	+3.005	+3.015	+3.673	+0.885	+0.383	+2.335	+0.383	+0.869	+0.380	+0.381	+0.667	+0.472	+0.591	+0.416	+0.797	+0.771	+0.760	+0.757	+0.759	+0.422	+0.651	+0.748	+0.742	+0.510	+0.755	+0.721	+0.748	+0.755	+1.160	+0.846	+1.109	+0.532	+1.135	+1.140	+1.130	
rs11907844     -0.693	+0.076	+0.506	-0.693	+0.032	-0.696	-0.482	+0.425	+0.439	-0.367	-0.728	+0.525	-0.695	-0.569	-0.714	+0.297	-0.546	-0.628	-0.512	-0.718	-0.708	-0.719	-0.669	-0.125	-0.715	-0.737	-0.478	-0.473	-0.720	-0.724	-0.632	-0.724	-0.134	-0.726	-0.782	-0.453	-0.724	-0.494	-0.230	-0.796	-0.761	-0.739	-0.738	-0.738	-0.123	-0.102	-0.737	-0.780	-0.780	-0.753	-0.671	-0.667	-0.710	-0.684	-0.688	-0.696	-0.684	-0.695	-0.497	-0.497	-0.504	+0.301	-0.690	-0.591	-0.469	-0.697	-0.698	-0.700	+0.995	+0.380	-0.684	-0.704	+0.384	-0.684	-0.708	+0.487	-0.711	-0.700	-0.712	+2.056	-0.712	-0.712	-0.702	-0.702	-0.712	-0.713	-0.713	-0.714	-0.714	-0.442	+3.264	-0.685	+4.222	-0.718	-0.314	-0.717	+3.469	+4.507	-0.503	-0.720	+4.467	+0.801	+0.303	+3.061	+0.348	-0.564	+3.070	+0.346	-0.475	-0.527	-0.368	-0.683	+3.087	+0.311	+0.330	-0.713	+0.302	+0.320	-0.166	+0.268	-0.163	-0.431	-0.680	+1.957	+1.943	+1.952	+3.167	-0.156	-0.717	+0.898	-0.717	-0.174	-0.733	-0.741	-0.436	-0.621	-0.461	-0.682	-0.259	-0.288	-0.300	-0.303	-0.302	-0.480	-0.455	-0.313	-0.321	-0.568	-0.306	-0.384	-0.314	-0.306	+0.224	-0.256	+0.070	-0.592	+0.097	+0.102	+0.092	
rs1030443      -0.561	-0.429	+0.611	-0.563	-0.462	-0.572	-0.736	+0.525	+0.540	-0.728	-0.478	+0.631	-0.659	-0.698	-0.679	+0.290	-0.787	-0.825	-0.634	-0.659	-0.674	-0.664	-0.869	-0.086	-0.633	-0.641	-0.602	-0.598	-0.715	-0.755	-0.623	-0.755	-0.098	-0.756	-0.841	-0.578	-0.755	-0.735	-0.202	-0.823	-0.783	-0.750	-0.752	-0.740	-0.083	-0.061	-0.753	-0.942	-0.942	-0.925	-0.746	-0.786	-0.827	-0.739	-0.809	-0.815	-0.738	-0.815	-0.549	-0.548	-0.496	+0.328	-0.811	-0.575	-0.518	-0.816	-0.821	-0.819	+1.005	+0.417	-0.749	-0.822	+0.421	-0.749	-0.826	+0.557	-0.828	-0.819	-0.828	+2.074	-0.828	-0.829	-0.820	-0.820	-0.829	-0.830	-0.830	-0.830	-0.830	-0.490	+3.413	-0.742	+4.204	-0.834	-0.504	-0.833	+3.642	+4.505	-0.601	-0.836	+4.451	+0.825	+0.351	+3.213	+0.394	-0.671	+3.221	+0.394	-0.435	-0.699	-0.315	-0.737	+3.238	+0.355	+0.376	-0.830	+0.345	+0.365	-0.095	+0.312	-0.093	-0.612	-0.823	+1.994	+1.979	+1.988	+3.315	-0.199	-0.833	+0.967	-0.833	-0.217	-0.845	-0.850	-0.483	-0.655	-0.492	-0.739	-0.297	-0.326	-0.339	-0.342	-0.341	-0.513	-0.503	-0.352	-0.360	-0.584	-0.345	-0.429	-0.353	-0.345	+0.296	-0.297	-0.096	-0.704	-0.070	-0.065	-0.075	
rs2269006      +0.506	+0.442	+0.850	+0.506	+0.443	+0.506	+0.520	+0.830	+0.834	+0.525	+0.631	+0.935	+0.685	+0.524	+0.644	+0.698	+0.505	+0.478	+0.567	+0.510	+0.659	+0.512	+0.636	+0.833	+0.505	+0.500	+0.590	+0.594	+0.662	+0.599	+0.861	+0.598	+0.809	+0.594	+0.551	+0.617	+0.598	+0.446	+0.817	+0.480	+0.689	+0.539	+0.546	+0.527	+0.691	+0.681	+0.549	+0.402	+0.402	+0.560	+0.509	+0.785	+0.471	+0.547	+0.479	+0.476	+0.547	+0.477	+0.653	+0.653	+0.525	+1.049	+0.479	+0.526	+0.680	+0.476	+0.464	+0.474	+1.469	+1.135	+0.563	+0.473	+1.138	+0.563	+0.471	+1.036	+0.470	+0.474	+0.470	+3.117	+0.470	+0.470	+0.475	+0.475	+0.470	+0.470	+0.469	+0.469	+0.469	+0.704	+3.768	+0.551	+4.771	+0.468	+0.676	+0.468	+3.959	+5.036	+0.485	+0.467	+5.011	+1.347	+1.105	+3.627	+1.142	+0.442	+3.635	+1.141	+0.631	+0.519	+0.712	+0.547	+3.652	+1.113	+1.129	+0.470	+1.106	+1.122	+0.877	+1.077	+0.876	+0.962	+0.429	+3.089	+3.074	+3.084	+3.725	+0.970	+0.470	+2.414	+0.470	+0.954	+0.467	+0.468	+0.754	+0.554	+0.677	+0.502	+0.883	+0.857	+0.846	+0.843	+0.844	+0.497	+0.738	+0.834	+0.827	+0.587	+0.841	+0.808	+0.833	+0.841	+1.222	+0.934	+1.212	+0.620	+1.238	+1.243	+1.233	
rs8115774      -0.430	-0.351	+0.643	-0.433	-0.386	-0.444	-0.702	+0.557	+0.573	-0.695	-0.659	+0.685	-0.439	-0.666	-0.566	+0.326	-0.741	-0.780	-0.603	-0.516	-0.575	-0.526	-0.826	-0.035	-0.462	-0.617	-0.573	-0.568	-0.655	-0.700	-0.587	-0.700	-0.047	-0.700	-0.794	-0.548	-0.700	-0.688	-0.152	-0.791	-0.769	-0.676	-0.681	-0.658	-0.031	-0.009	-0.684	-0.911	-0.911	-0.869	-0.723	-0.751	-0.794	-0.686	-0.778	-0.783	-0.685	-0.783	-0.519	-0.519	-0.461	+0.409	-0.779	-0.516	-0.489	-0.784	-0.789	-0.787	+1.059	+0.500	-0.701	-0.789	+0.504	-0.701	-0.793	+0.614	-0.795	-0.786	-0.795	+2.180	-0.796	-0.796	-0.788	-0.788	-0.796	-0.797	-0.797	-0.797	-0.797	-0.462	+3.494	-0.690	+4.245	-0.800	-0.466	-0.800	+3.724	+4.545	-0.530	-0.802	+4.493	+0.869	+0.434	+3.292	+0.479	-0.604	+3.301	+0.479	-0.368	-0.661	-0.247	-0.683	+3.319	+0.440	+0.460	-0.797	+0.430	+0.450	-0.022	+0.394	-0.021	-0.589	-0.786	+2.101	+2.086	+2.096	+3.399	-0.173	-0.799	+1.047	-0.800	-0.190	-0.810	-0.814	-0.455	-0.588	-0.464	-0.703	-0.276	-0.305	-0.317	-0.320	-0.319	-0.468	-0.474	-0.330	-0.338	-0.509	-0.323	-0.401	-0.331	-0.323	+0.342	-0.270	-0.056	-0.668	-0.030	-0.025	-0.035	
rs11697538     -0.650	+0.002	+0.506	-0.651	-0.036	-0.654	-0.572	+0.426	+0.440	-0.569	-0.698	+0.524	-0.666	-0.331	-0.684	+0.290	-0.359	-0.476	-0.418	-0.678	-0.678	-0.679	-0.523	-0.120	-0.673	-0.697	-0.376	-0.368	-0.691	-0.691	-0.611	-0.692	-0.129	-0.693	-0.748	-0.352	-0.692	-0.304	-0.222	-0.757	-0.733	-0.703	-0.702	-0.701	-0.117	-0.097	-0.701	-0.704	-0.704	-0.642	-0.655	-0.625	-0.667	-0.646	-0.643	-0.652	-0.646	-0.651	-0.498	-0.497	-0.506	+0.286	-0.646	-0.590	-0.471	-0.653	-0.653	-0.657	+0.977	+0.362	-0.648	-0.660	+0.366	-0.648	-0.665	+0.478	-0.668	-0.656	-0.669	+2.030	-0.669	-0.669	-0.659	-0.659	-0.669	-0.670	-0.671	-0.671	-0.671	-0.446	+3.245	-0.647	+4.193	-0.676	-0.236	-0.675	+3.450	+4.479	-0.421	-0.678	+4.438	+0.784	+0.286	+3.043	+0.330	-0.485	+3.052	+0.329	-0.478	-0.459	-0.379	-0.645	+3.069	+0.294	+0.313	-0.670	+0.285	+0.302	-0.183	+0.252	-0.179	-0.357	-0.622	+1.932	+1.918	+1.927	+3.149	-0.166	-0.675	+0.870	-0.675	-0.184	-0.692	-0.701	-0.442	-0.576	-0.468	-0.668	-0.274	-0.302	-0.313	-0.316	-0.315	-0.469	-0.460	-0.325	-0.333	-0.521	-0.319	-0.392	-0.327	-0.319	+0.201	-0.267	+0.086	-0.552	+0.113	+0.118	+0.108	
rs36146321     -0.499	-0.387	+0.604	-0.501	-0.421	-0.511	-0.722	+0.519	+0.535	-0.714	-0.679	+0.644	-0.566	-0.684	-0.463	+0.301	-0.772	-0.810	-0.621	-0.570	-0.577	-0.579	-0.854	-0.069	-0.525	-0.658	-0.589	-0.585	-0.665	-0.720	-0.571	-0.721	-0.081	-0.721	-0.816	-0.565	-0.721	-0.720	-0.185	-0.818	-0.781	-0.707	-0.710	-0.692	-0.066	-0.043	-0.712	-0.930	-0.930	-0.897	-0.731	-0.772	-0.815	-0.712	-0.799	-0.804	-0.712	-0.804	-0.536	-0.535	-0.488	+0.376	-0.800	-0.546	-0.505	-0.805	-0.810	-0.808	+1.029	+0.467	-0.725	-0.811	+0.470	-0.725	-0.814	+0.576	-0.816	-0.808	-0.817	+2.144	-0.817	-0.817	-0.809	-0.809	-0.817	-0.818	-0.818	-0.818	-0.818	-0.477	+3.440	-0.716	+4.217	-0.822	-0.487	-0.821	+3.669	+4.517	-0.564	-0.824	+4.464	+0.838	+0.399	+3.238	+0.444	-0.637	+3.247	+0.444	-0.402	-0.683	-0.281	-0.710	+3.265	+0.405	+0.425	-0.818	+0.395	+0.415	-0.057	+0.360	-0.055	-0.605	-0.808	+2.063	+2.048	+2.058	+3.345	-0.187	-0.821	+1.012	-0.821	-0.204	-0.832	-0.836	-0.470	-0.622	-0.484	-0.725	-0.289	-0.318	-0.330	-0.334	-0.332	-0.495	-0.490	-0.343	-0.352	-0.545	-0.337	-0.416	-0.345	-0.336	+0.309	-0.285	-0.083	-0.690	-0.057	-0.052	-0.062	
rs2269010      +0.279	+0.220	+0.681	+0.279	+0.209	+0.279	+0.292	+0.627	+0.637	+0.297	+0.290	+0.698	+0.326	+0.290	+0.301	+0.682	+0.206	+0.184	+0.330	+0.284	+0.310	+0.286	+0.291	+0.443	+0.276	+0.275	+0.352	+0.355	+0.309	+0.373	+0.443	+0.372	+0.431	+0.368	+0.327	+0.376	+0.372	+0.170	+0.426	+0.256	+0.322	+0.313	+0.320	+0.301	+0.399	+0.400	+0.323	+0.198	+0.198	+0.240	+0.240	+0.519	+0.246	+0.318	+0.253	+0.251	+0.318	+0.251	+0.405	+0.406	+0.294	+0.796	+0.253	+0.289	+0.430	+0.250	+0.239	+0.248	+1.234	+0.876	+0.332	+0.247	+0.879	+0.332	+0.245	+0.898	+0.244	+0.249	+0.244	+2.652	+0.244	+0.244	+0.249	+0.249	+0.244	+0.243	+0.243	+0.243	+0.243	+0.453	+3.607	+0.321	+4.325	+0.241	+0.432	+0.242	+3.800	+4.595	+0.252	+0.241	+4.559	+1.105	+0.843	+3.468	+0.880	+0.210	+3.477	+0.879	+0.390	+0.281	+0.467	+0.318	+3.494	+0.851	+0.867	+0.244	+0.845	+0.860	+0.627	+0.816	+0.627	+0.668	+0.197	+2.623	+2.609	+2.618	+3.568	+0.707	+0.243	+2.003	+0.244	+0.692	+0.241	+0.241	+0.494	+0.326	+0.536	+0.324	+0.636	+0.611	+0.600	+0.598	+0.599	+0.320	+0.480	+0.589	+0.582	+0.360	+0.595	+0.546	+0.588	+0.596	+0.978	+0.666	+1.033	+0.389	+1.060	+1.065	+1.054	
rs77142617     -0.843	-0.464	+0.464	-0.843	-0.498	-0.844	-0.560	+0.371	+0.388	-0.546	-0.787	+0.505	-0.741	-0.359	-0.772	+0.206	-0.515	-0.836	-0.211	-0.850	-0.760	-0.850	-0.783	-0.238	-0.852	-0.863	-0.153	-0.143	-0.791	-0.803	-0.653	-0.803	-0.253	-0.807	-0.862	-0.096	-0.804	-0.786	-0.366	-0.906	-0.774	-0.843	-0.838	-0.849	-0.250	-0.227	-0.836	-0.950	-0.950	-0.847	-0.741	-0.788	-0.867	-0.815	-0.853	-0.858	-0.815	-0.858	-0.380	-0.379	-0.556	+0.192	-0.855	-0.587	-0.342	-0.859	-0.866	-0.861	+0.824	+0.286	-0.807	-0.863	+0.289	-0.807	-0.867	+0.305	-0.868	-0.861	-0.869	+2.039	-0.869	-0.869	-0.862	-0.862	-0.869	-0.870	-0.870	-0.870	-0.870	-0.307	+3.035	-0.814	+4.026	-0.873	-0.589	-0.873	+3.261	+4.332	-0.775	-0.874	+4.272	+0.641	+0.231	+2.847	+0.266	-0.827	+2.856	+0.269	-0.473	-0.771	-0.317	-0.815	+2.873	+0.227	+0.247	-0.870	+0.218	+0.237	-0.099	+0.190	-0.091	-0.633	-0.881	+1.979	+1.965	+1.974	+2.948	+0.067	-0.872	+1.207	-0.872	+0.044	-0.880	-0.883	-0.279	-0.786	-0.394	-0.658	-0.117	-0.151	-0.165	-0.169	-0.167	-0.611	-0.311	-0.182	-0.191	-0.747	-0.175	-0.212	-0.184	-0.173	+0.289	-0.050	-0.191	-0.742	-0.166	-0.161	-0.171	
rs6044814      -0.879	-0.556	+0.440	-0.880	-0.587	-0.881	-0.641	+0.348	+0.365	-0.628	-0.825	+0.478	-0.780	-0.476	-0.810	+0.184	-0.836	-0.556	-0.348	-0.888	-0.798	-0.887	-0.880	-0.258	-0.889	-0.900	-0.295	-0.286	-0.800	-0.841	-0.647	-0.842	-0.273	-0.845	-0.941	-0.247	-0.843	-0.831	-0.385	-0.969	-0.884	-0.881	-0.876	-0.887	-0.269	-0.246	-0.874	-0.962	-0.962	-0.777	-0.805	-0.827	-0.892	-0.853	-0.874	-0.881	-0.853	-0.880	-0.456	-0.456	-0.549	+0.130	-0.876	-0.649	-0.420	-0.881	-0.888	-0.884	+0.808	+0.215	-0.845	-0.887	+0.219	-0.845	-0.892	+0.289	-0.894	-0.884	-0.895	+1.885	-0.895	-0.895	-0.887	-0.887	-0.895	-0.896	-0.896	-0.896	-0.896	-0.386	+3.019	-0.852	+4.007	-0.900	-0.626	-0.900	+3.244	+4.312	-0.803	-0.902	+4.253	+0.624	+0.151	+2.828	+0.189	-0.857	+2.837	+0.191	-0.534	-0.809	-0.387	-0.853	+2.854	+0.151	+0.170	-0.896	+0.142	+0.161	-0.174	+0.113	-0.167	-0.626	-0.918	+1.807	+1.793	+1.802	+2.929	-0.026	-0.900	+1.053	-0.900	-0.048	-0.913	-0.919	-0.359	-0.823	-0.464	-0.719	-0.200	-0.233	-0.247	-0.251	-0.249	-0.659	-0.389	-0.262	-0.272	-0.783	-0.256	-0.294	-0.265	-0.254	+0.208	-0.137	-0.248	-0.780	-0.224	-0.219	-0.229	
rs6034829      -0.579	+0.105	+0.549	-0.580	+0.065	-0.583	-0.513	+0.469	+0.483	-0.512	-0.634	+0.567	-0.603	-0.418	-0.621	+0.330	-0.211	-0.348	-0.259	-0.609	-0.615	-0.610	-0.393	-0.073	-0.603	-0.628	-0.338	-0.331	-0.628	-0.626	-0.552	-0.627	-0.081	-0.628	-0.682	-0.330	-0.627	-0.156	-0.174	-0.688	-0.672	-0.636	-0.635	-0.633	-0.070	-0.050	-0.634	-0.616	-0.615	-0.534	-0.602	-0.553	-0.596	-0.578	-0.571	-0.580	-0.578	-0.579	-0.466	-0.466	-0.461	+0.325	-0.574	-0.547	-0.442	-0.581	-0.580	-0.585	+1.022	+0.399	-0.581	-0.588	+0.402	-0.581	-0.594	+0.530	-0.596	-0.584	-0.597	+2.069	-0.598	-0.598	-0.587	-0.587	-0.598	-0.599	-0.599	-0.600	-0.600	-0.419	+3.316	-0.579	+4.253	-0.604	-0.146	-0.604	+3.515	+4.532	-0.331	-0.607	+4.498	+0.828	+0.321	+3.111	+0.366	-0.395	+3.120	+0.364	-0.438	-0.374	-0.348	-0.577	+3.137	+0.332	+0.350	-0.598	+0.322	+0.340	-0.160	+0.289	-0.158	-0.270	-0.544	+1.969	+1.955	+1.964	+3.218	-0.157	-0.603	+0.883	-0.604	-0.174	-0.622	-0.632	-0.413	-0.505	-0.432	-0.618	-0.250	-0.277	-0.288	-0.291	-0.289	-0.411	-0.429	-0.299	-0.307	-0.448	-0.293	-0.366	-0.300	-0.293	+0.220	-0.248	+0.170	-0.482	+0.197	+0.203	+0.192	
rs74181959     -0.621	-0.497	+0.483	-0.621	-0.528	-0.625	-0.727	+0.402	+0.417	-0.718	-0.659	+0.510	-0.516	-0.678	-0.570	+0.284	-0.850	-0.888	-0.609	-0.488	-0.545	-0.610	-0.917	-0.167	-0.619	-0.693	-0.575	-0.570	-0.612	-0.575	-0.427	-0.577	-0.178	-0.585	-0.781	-0.549	-0.578	-0.810	-0.278	-0.831	-0.736	-0.666	-0.658	-0.676	-0.165	-0.143	-0.658	-0.932	-0.932	-0.953	-0.673	-0.785	-0.829	-0.742	-0.811	-0.818	-0.742	-0.817	-0.517	-0.517	-0.541	+0.304	-0.813	-0.619	-0.486	-0.819	-0.822	-0.822	+0.987	+0.392	-0.736	-0.825	+0.396	-0.736	-0.829	+0.451	-0.831	-0.822	-0.832	+2.097	-0.832	-0.832	-0.824	-0.824	-0.833	-0.833	-0.834	-0.834	-0.834	-0.456	+3.237	-0.742	+4.244	-0.838	-0.499	-0.837	+3.464	+4.551	-0.656	-0.840	+4.495	+0.792	+0.320	+3.036	+0.363	-0.721	+3.045	+0.363	-0.488	-0.698	-0.368	-0.743	+3.062	+0.323	+0.344	-0.834	+0.313	+0.333	-0.151	+0.280	-0.148	-0.590	-0.826	+2.005	+1.990	+2.000	+3.140	-0.152	-0.837	+0.929	-0.837	-0.170	-0.850	-0.856	-0.449	-0.706	-0.469	-0.729	-0.253	-0.283	-0.296	-0.300	-0.298	-0.554	-0.470	-0.310	-0.319	-0.651	-0.303	-0.392	-0.312	-0.303	+0.234	-0.255	-0.131	-0.710	-0.106	-0.101	-0.111	
rs7269816      -0.476	-0.374	+0.618	-0.478	-0.408	-0.488	-0.715	+0.532	+0.548	-0.708	-0.674	+0.659	-0.575	-0.678	-0.577	+0.310	-0.760	-0.798	-0.615	-0.545	-0.454	-0.554	-0.843	-0.055	-0.495	-0.639	-0.584	-0.579	-0.661	-0.713	-0.579	-0.713	-0.067	-0.713	-0.807	-0.559	-0.712	-0.707	-0.172	-0.808	-0.777	-0.694	-0.698	-0.678	-0.052	-0.029	-0.701	-0.924	-0.923	-0.886	-0.729	-0.765	-0.808	-0.701	-0.791	-0.797	-0.701	-0.797	-0.531	-0.530	-0.477	+0.389	-0.793	-0.534	-0.500	-0.798	-0.803	-0.801	+1.041	+0.480	-0.716	-0.803	+0.484	-0.715	-0.807	+0.592	-0.809	-0.800	-0.809	+2.158	-0.809	-0.810	-0.802	-0.802	-0.810	-0.810	-0.811	-0.811	-0.811	-0.472	+3.461	-0.706	+4.227	-0.814	-0.480	-0.814	+3.690	+4.527	-0.550	-0.816	+4.474	+0.850	+0.413	+3.259	+0.458	-0.624	+3.268	+0.458	-0.388	-0.675	-0.267	-0.699	+3.286	+0.419	+0.439	-0.811	+0.409	+0.429	-0.042	+0.373	-0.040	-0.600	-0.800	+2.077	+2.063	+2.072	+3.366	-0.183	-0.813	+1.026	-0.814	-0.200	-0.824	-0.829	-0.465	-0.607	-0.477	-0.717	-0.285	-0.314	-0.326	-0.330	-0.328	-0.485	-0.485	-0.339	-0.348	-0.528	-0.333	-0.412	-0.341	-0.332	+0.323	-0.281	-0.073	-0.682	-0.047	-0.042	-0.052	
rs34806176     -0.616	-0.496	+0.485	-0.617	-0.527	-0.621	-0.728	+0.404	+0.419	-0.719	-0.664	+0.512	-0.526	-0.679	-0.579	+0.286	-0.850	-0.887	-0.610	-0.610	-0.554	-0.488	-0.916	-0.166	-0.617	-0.694	-0.577	-0.572	-0.619	-0.584	-0.437	-0.585	-0.177	-0.593	-0.784	-0.551	-0.587	-0.809	-0.276	-0.832	-0.740	-0.670	-0.663	-0.679	-0.164	-0.142	-0.663	-0.934	-0.933	-0.953	-0.676	-0.786	-0.830	-0.742	-0.812	-0.819	-0.743	-0.818	-0.519	-0.518	-0.540	+0.307	-0.814	-0.617	-0.487	-0.820	-0.823	-0.823	+0.990	+0.395	-0.737	-0.826	+0.399	-0.737	-0.830	+0.452	-0.832	-0.822	-0.833	+2.101	-0.833	-0.833	-0.825	-0.825	-0.833	-0.834	-0.834	-0.835	-0.835	-0.458	+3.241	-0.742	+4.248	-0.838	-0.499	-0.838	+3.467	+4.555	-0.654	-0.841	+4.500	+0.794	+0.323	+3.040	+0.366	-0.719	+3.049	+0.366	-0.486	-0.699	-0.366	-0.743	+3.066	+0.326	+0.347	-0.834	+0.317	+0.336	-0.149	+0.283	-0.145	-0.591	-0.827	+2.009	+1.994	+2.004	+3.143	-0.154	-0.838	+0.932	-0.838	-0.172	-0.851	-0.857	-0.451	-0.705	-0.471	-0.730	-0.255	-0.286	-0.298	-0.302	-0.300	-0.554	-0.471	-0.312	-0.321	-0.649	-0.305	-0.394	-0.314	-0.305	+0.236	-0.257	-0.131	-0.710	-0.106	-0.101	-0.111	
rs2328147      -0.905	-0.446	+0.584	-0.905	-0.482	-0.907	-0.682	+0.483	+0.503	-0.669	-0.869	+0.636	-0.826	-0.523	-0.854	+0.291	-0.783	-0.880	-0.393	-0.917	-0.843	-0.916	-0.584	-0.168	-0.917	-0.930	-0.339	-0.331	-0.848	-0.881	-0.708	-0.881	-0.187	-0.884	-0.933	-0.290	-0.882	-0.766	-0.319	-0.972	-0.853	-0.915	-0.911	-0.920	-0.192	-0.167	-0.910	-1.015	-1.015	-0.943	-0.788	-0.861	-0.928	-0.882	-0.913	-0.919	-0.882	-0.918	-0.494	-0.494	-0.633	+0.141	-0.915	-0.676	-0.458	-0.919	-0.925	-0.922	+0.829	+0.228	-0.875	-0.924	+0.231	-0.875	-0.928	+0.310	-0.929	-0.922	-0.930	+1.977	-0.930	-0.930	-0.923	-0.923	-0.930	-0.931	-0.931	-0.931	-0.931	-0.425	+3.038	-0.881	+4.011	-0.934	-0.627	-0.934	+3.262	+4.315	-0.807	-0.936	+4.258	+0.627	+0.163	+2.839	+0.200	-0.863	+2.848	+0.202	-0.560	-0.817	-0.415	-0.882	+2.865	+0.162	+0.182	-0.931	+0.153	+0.171	-0.200	+0.124	-0.193	-0.689	-0.934	+1.909	+1.894	+1.903	+2.942	-0.070	-0.933	+1.138	-0.934	-0.092	-0.943	-0.947	-0.402	-0.845	-0.496	-0.754	-0.235	-0.268	-0.282	-0.286	-0.284	-0.672	-0.431	-0.298	-0.307	-0.803	-0.291	-0.338	-0.300	-0.289	+0.189	-0.183	-0.241	-0.803	-0.216	-0.212	-0.221	
rs726592       -0.165	-0.167	+0.698	-0.165	-0.182	-0.165	-0.131	+0.608	+0.629	-0.125	-0.086	+0.833	-0.035	-0.120	-0.069	+0.443	-0.238	-0.258	-0.073	-0.167	-0.055	-0.166	-0.168	+0.217	-0.171	-0.179	-0.048	-0.044	-0.057	-0.104	+0.110	-0.105	+0.110	-0.108	-0.157	-0.022	-0.105	-0.262	+0.046	-0.214	-0.049	-0.152	-0.146	-0.160	+0.079	+0.092	-0.144	-0.292	-0.292	-0.212	-0.142	+0.041	-0.191	-0.128	-0.179	-0.183	-0.129	-0.183	+0.010	+0.011	-0.079	+0.525	-0.180	-0.107	+0.038	-0.184	-0.194	-0.186	+1.056	+0.609	-0.117	-0.188	+0.612	-0.117	-0.190	+0.584	-0.192	-0.186	-0.192	+2.441	-0.192	-0.192	-0.186	-0.186	-0.193	-0.193	-0.193	-0.193	-0.193	+0.063	+3.284	-0.126	+4.271	-0.196	+0.043	-0.196	+3.490	+4.553	-0.146	-0.197	+4.512	+0.902	+0.563	+3.119	+0.601	-0.194	+3.128	+0.601	+0.001	-0.124	+0.092	-0.129	+3.145	+0.569	+0.586	-0.193	+0.561	+0.578	+0.267	+0.532	+0.267	+0.224	-0.222	+2.390	+2.376	+2.385	+3.219	+0.332	-0.194	+1.632	-0.194	+0.316	-0.200	-0.202	+0.100	-0.111	+0.051	-0.151	+0.259	+0.232	+0.221	+0.218	+0.219	-0.098	+0.083	+0.209	+0.202	-0.074	+0.215	+0.154	+0.208	+0.216	+0.637	+0.278	+0.534	-0.053	+0.559	+0.565	+0.554	
rs58378891     -0.639	-0.501	+0.479	-0.639	-0.532	-0.641	-0.723	+0.398	+0.413	-0.715	-0.633	+0.505	-0.462	-0.673	-0.525	+0.276	-0.852	-0.889	-0.603	-0.619	-0.495	-0.617	-0.917	-0.171	-0.486	-0.693	-0.570	-0.565	-0.579	-0.556	-0.382	-0.558	-0.181	-0.566	-0.774	-0.543	-0.559	-0.812	-0.281	-0.829	-0.720	-0.657	-0.648	-0.670	-0.168	-0.147	-0.647	-0.928	-0.928	-0.953	-0.661	-0.782	-0.827	-0.740	-0.808	-0.815	-0.740	-0.815	-0.511	-0.511	-0.544	+0.295	-0.811	-0.624	-0.479	-0.816	-0.819	-0.819	+0.978	+0.383	-0.732	-0.822	+0.386	-0.732	-0.827	+0.446	-0.829	-0.819	-0.830	+2.081	-0.830	-0.830	-0.821	-0.821	-0.830	-0.831	-0.831	-0.831	-0.831	-0.450	+3.228	-0.740	+4.222	-0.835	-0.497	-0.835	+3.455	+4.528	-0.662	-0.837	+4.472	+0.782	+0.310	+3.028	+0.352	-0.726	+3.037	+0.353	-0.496	-0.697	-0.376	-0.741	+3.054	+0.313	+0.334	-0.831	+0.304	+0.323	-0.161	+0.271	-0.158	-0.584	-0.825	+1.989	+1.974	+1.984	+3.131	-0.143	-0.835	+0.917	-0.835	-0.162	-0.848	-0.854	-0.442	-0.711	-0.464	-0.725	-0.244	-0.275	-0.288	-0.292	-0.290	-0.555	-0.463	-0.302	-0.311	-0.657	-0.295	-0.385	-0.303	-0.294	+0.226	-0.247	-0.131	-0.708	-0.105	-0.101	-0.111	
rs13040219     -0.680	-0.519	+0.472	-0.681	-0.549	-0.684	-0.745	+0.391	+0.406	-0.737	-0.641	+0.500	-0.617	-0.697	-0.658	+0.275	-0.863	-0.900	-0.628	-0.693	-0.639	-0.694	-0.930	-0.179	-0.693	-0.507	-0.595	-0.590	-0.681	-0.671	-0.522	-0.672	-0.190	-0.677	-0.819	-0.568	-0.673	-0.821	-0.290	-0.833	-0.740	-0.727	-0.722	-0.733	-0.177	-0.155	-0.722	-0.949	-0.948	-0.973	-0.705	-0.803	-0.850	-0.764	-0.832	-0.838	-0.764	-0.838	-0.537	-0.536	-0.550	+0.279	-0.834	-0.635	-0.505	-0.839	-0.843	-0.842	+0.974	+0.366	-0.760	-0.845	+0.370	-0.760	-0.849	+0.441	-0.851	-0.842	-0.852	+2.051	-0.852	-0.852	-0.844	-0.844	-0.853	-0.853	-0.853	-0.854	-0.854	-0.476	+3.231	-0.765	+4.244	-0.858	-0.516	-0.857	+3.458	+4.552	-0.674	-0.860	+4.495	+0.786	+0.295	+3.029	+0.337	-0.739	+3.038	+0.338	-0.504	-0.715	-0.385	-0.765	+3.055	+0.298	+0.318	-0.853	+0.288	+0.308	-0.169	+0.256	-0.165	-0.615	-0.843	+1.961	+1.947	+1.956	+3.131	-0.172	-0.857	+0.907	-0.857	-0.190	-0.870	-0.875	-0.468	-0.723	-0.496	-0.748	-0.282	-0.312	-0.324	-0.328	-0.326	-0.570	-0.489	-0.338	-0.347	-0.667	-0.331	-0.412	-0.340	-0.331	+0.227	-0.275	-0.148	-0.728	-0.123	-0.118	-0.128	
rs6044832      -0.545	+0.160	+0.574	-0.546	+0.120	-0.549	-0.478	+0.493	+0.507	-0.478	-0.602	+0.590	-0.573	-0.376	-0.589	+0.352	-0.153	-0.295	-0.338	-0.575	-0.584	-0.577	-0.339	-0.048	-0.570	-0.595	-0.224	-0.322	-0.597	-0.594	-0.523	-0.595	-0.056	-0.596	-0.650	-0.325	-0.595	-0.094	-0.148	-0.655	-0.641	-0.603	-0.603	-0.601	-0.045	-0.025	-0.602	-0.575	-0.574	-0.486	-0.575	-0.519	-0.562	-0.545	-0.536	-0.545	-0.545	-0.544	-0.447	-0.447	-0.439	+0.346	-0.539	-0.525	-0.424	-0.547	-0.545	-0.551	+1.044	+0.418	-0.549	-0.554	+0.421	-0.548	-0.560	+0.554	-0.562	-0.550	-0.563	+2.088	-0.564	-0.564	-0.553	-0.553	-0.564	-0.565	-0.565	-0.566	-0.566	-0.401	+3.344	-0.547	+4.277	-0.571	-0.105	-0.570	+3.541	+4.554	-0.289	-0.573	+4.522	+0.850	+0.339	+3.139	+0.386	-0.354	+3.148	+0.383	-0.416	-0.335	-0.331	-0.544	+3.165	+0.351	+0.370	-0.564	+0.342	+0.359	-0.145	+0.308	-0.143	-0.230	-0.507	+1.988	+1.974	+1.983	+3.247	-0.148	-0.570	+0.893	-0.570	-0.164	-0.589	-0.599	-0.396	-0.470	-0.413	-0.593	-0.235	-0.261	-0.272	-0.275	-0.273	-0.383	-0.411	-0.283	-0.290	-0.413	-0.277	-0.350	-0.284	-0.277	+0.233	-0.235	+0.208	-0.448	+0.236	+0.241	+0.230	
rs6034833      -0.540	+0.168	+0.577	-0.541	+0.128	-0.544	-0.473	+0.497	+0.511	-0.473	-0.598	+0.594	-0.568	-0.368	-0.585	+0.355	-0.143	-0.286	-0.331	-0.570	-0.579	-0.572	-0.331	-0.044	-0.565	-0.590	-0.322	-0.219	-0.593	-0.590	-0.518	-0.590	-0.052	-0.591	-0.645	-0.323	-0.590	-0.084	-0.144	-0.650	-0.637	-0.598	-0.598	-0.596	-0.041	-0.021	-0.597	-0.569	-0.568	-0.479	-0.571	-0.514	-0.557	-0.540	-0.531	-0.540	-0.540	-0.539	-0.444	-0.444	-0.435	+0.349	-0.534	-0.521	-0.421	-0.542	-0.540	-0.545	+1.047	+0.421	-0.544	-0.549	+0.425	-0.544	-0.555	+0.558	-0.557	-0.545	-0.558	+2.092	-0.558	-0.559	-0.547	-0.547	-0.559	-0.560	-0.560	-0.561	-0.561	-0.399	+3.349	-0.542	+4.282	-0.565	-0.099	-0.565	+3.545	+4.557	-0.283	-0.568	+4.526	+0.853	+0.342	+3.143	+0.389	-0.348	+3.152	+0.386	-0.413	-0.329	-0.328	-0.539	+3.169	+0.355	+0.373	-0.559	+0.345	+0.362	-0.143	+0.311	-0.141	-0.224	-0.501	+1.991	+1.977	+1.986	+3.251	-0.146	-0.564	+0.895	-0.565	-0.162	-0.584	-0.594	-0.393	-0.465	-0.410	-0.589	-0.233	-0.259	-0.269	-0.272	-0.271	-0.379	-0.408	-0.280	-0.288	-0.407	-0.275	-0.348	-0.282	-0.274	+0.235	-0.233	+0.214	-0.443	+0.241	+0.247	+0.236	
rs6044833      -0.551	-0.419	+0.621	-0.553	-0.453	-0.560	-0.727	+0.535	+0.551	-0.720	-0.715	+0.662	-0.655	-0.691	-0.665	+0.309	-0.791	-0.800	-0.628	-0.612	-0.661	-0.619	-0.848	-0.057	-0.579	-0.681	-0.597	-0.593	-0.466	-0.740	-0.524	-0.740	-0.069	-0.740	-0.828	-0.573	-0.740	-0.708	-0.176	-0.830	-0.803	-0.726	-0.729	-0.713	-0.054	-0.031	-0.731	-0.937	-0.937	-0.890	-0.739	-0.776	-0.819	-0.719	-0.803	-0.809	-0.719	-0.808	-0.545	-0.544	-0.502	+0.401	-0.804	-0.557	-0.514	-0.809	-0.814	-0.812	+1.047	+0.494	-0.732	-0.814	+0.498	-0.732	-0.818	+0.596	-0.820	-0.812	-0.820	+2.179	-0.821	-0.821	-0.813	-0.813	-0.821	-0.822	-0.822	-0.822	-0.822	-0.487	+3.480	-0.723	+4.238	-0.825	-0.475	-0.825	+3.709	+4.539	-0.557	-0.827	+4.486	+0.856	+0.428	+3.277	+0.473	-0.612	+3.286	+0.473	-0.414	-0.674	-0.295	-0.717	+3.304	+0.433	+0.455	-0.822	+0.423	+0.444	-0.074	+0.387	-0.072	-0.613	-0.802	+2.101	+2.086	+2.096	+3.385	-0.198	-0.824	+0.984	-0.825	-0.215	-0.835	-0.839	-0.480	-0.627	-0.493	-0.731	-0.300	-0.329	-0.341	-0.344	-0.343	-0.487	-0.499	-0.354	-0.362	-0.551	-0.347	-0.426	-0.355	-0.347	+0.291	-0.295	-0.074	-0.693	-0.048	-0.043	-0.053	
rs7273894      -0.513	-0.427	+0.562	-0.515	-0.460	-0.525	-0.731	+0.478	+0.493	-0.724	-0.755	+0.599	-0.700	-0.691	-0.720	+0.373	-0.803	-0.841	-0.626	-0.575	-0.713	-0.584	-0.881	-0.104	-0.556	-0.671	-0.594	-0.590	-0.740	-0.478	-0.571	-0.599	-0.115	-0.600	-0.785	-0.569	-0.600	-0.755	-0.219	-0.795	-0.790	-0.545	-0.567	-0.482	-0.103	-0.081	-0.589	-0.940	-0.940	-0.922	-0.729	-0.784	-0.827	-0.730	-0.810	-0.816	-0.729	-0.816	-0.539	-0.539	-0.502	+0.425	-0.812	-0.565	-0.509	-0.817	-0.821	-0.820	+1.107	+0.522	-0.739	-0.822	+0.526	-0.739	-0.826	+0.539	-0.828	-0.819	-0.829	+2.264	-0.829	-0.829	-0.821	-0.821	-0.829	-0.830	-0.830	-0.831	-0.831	-0.480	+3.386	-0.733	+4.432	-0.834	-0.481	-0.834	+3.615	+4.742	-0.551	-0.836	+4.689	+0.909	+0.453	+3.180	+0.500	-0.628	+3.189	+0.500	-0.422	-0.682	-0.299	-0.728	+3.206	+0.459	+0.480	-0.830	+0.448	+0.470	-0.075	+0.411	-0.073	-0.610	-0.811	+2.179	+2.164	+2.174	+3.285	-0.186	-0.833	+0.996	-0.833	-0.204	-0.845	-0.850	-0.473	-0.651	-0.500	-0.743	-0.288	-0.318	-0.330	-0.334	-0.332	-0.521	-0.493	-0.343	-0.352	-0.579	-0.337	-0.418	-0.345	-0.336	+0.293	-0.286	-0.106	-0.698	-0.080	-0.075	-0.085	
rs6044834      -0.346	-0.263	+0.811	-0.349	-0.300	-0.359	-0.639	+0.721	+0.738	-0.632	-0.623	+0.861	-0.587	-0.611	-0.571	+0.443	-0.653	-0.647	-0.552	-0.427	-0.579	-0.437	-0.708	+0.110	-0.382	-0.522	-0.523	-0.518	-0.524	-0.571	-0.359	-0.570	+0.097	-0.566	-0.694	-0.500	-0.569	-0.546	-0.014	-0.673	-0.710	-0.496	-0.508	-0.464	+0.108	+0.132	-0.516	-0.845	-0.845	-0.756	-0.692	-0.682	-0.724	-0.598	-0.709	-0.714	-0.597	-0.714	-0.474	-0.473	-0.399	+0.595	-0.711	-0.436	-0.445	-0.715	-0.722	-0.717	+1.223	+0.695	-0.621	-0.720	+0.699	-0.620	-0.723	+0.799	-0.724	-0.717	-0.725	+2.390	-0.725	-0.725	-0.718	-0.718	-0.725	-0.726	-0.726	-0.726	-0.726	-0.418	+3.753	-0.604	+4.421	-0.729	-0.342	-0.729	+3.986	+4.720	-0.367	-0.731	+4.671	+1.033	+0.635	+3.549	+0.685	-0.421	+3.558	+0.683	-0.285	-0.549	-0.167	-0.595	+3.576	+0.642	+0.665	-0.726	+0.633	+0.655	+0.056	+0.593	+0.057	-0.543	-0.684	+2.324	+2.309	+2.319	+3.658	-0.139	-0.728	+1.088	-0.728	-0.155	-0.737	-0.740	-0.411	-0.484	-0.414	-0.641	-0.243	-0.271	-0.283	-0.286	-0.285	-0.347	-0.430	-0.295	-0.303	-0.397	-0.289	-0.359	-0.297	-0.289	+0.402	-0.233	+0.063	-0.584	+0.090	+0.096	+0.085	
rs13042787     -0.515	-0.428	+0.561	-0.517	-0.461	-0.526	-0.732	+0.477	+0.492	-0.724	-0.755	+0.598	-0.700	-0.692	-0.721	+0.372	-0.803	-0.842	-0.627	-0.577	-0.713	-0.585	-0.881	-0.105	-0.558	-0.672	-0.595	-0.590	-0.740	-0.599	-0.570	-0.478	-0.116	-0.600	-0.785	-0.570	-0.599	-0.756	-0.219	-0.795	-0.790	-0.547	-0.568	-0.484	-0.104	-0.082	-0.590	-0.941	-0.940	-0.923	-0.729	-0.784	-0.827	-0.730	-0.810	-0.817	-0.730	-0.816	-0.540	-0.539	-0.502	+0.424	-0.812	-0.565	-0.509	-0.817	-0.822	-0.820	+1.105	+0.520	-0.740	-0.823	+0.524	-0.740	-0.827	+0.538	-0.829	-0.820	-0.829	+2.263	-0.829	-0.830	-0.822	-0.822	-0.830	-0.830	-0.831	-0.831	-0.831	-0.481	+3.385	-0.734	+4.430	-0.834	-0.482	-0.834	+3.614	+4.741	-0.552	-0.836	+4.688	+0.908	+0.452	+3.179	+0.499	-0.629	+3.188	+0.498	-0.423	-0.683	-0.300	-0.729	+3.205	+0.457	+0.479	-0.831	+0.447	+0.468	-0.076	+0.410	-0.074	-0.610	-0.812	+2.178	+2.162	+2.172	+3.283	-0.187	-0.834	+0.996	-0.834	-0.204	-0.845	-0.850	-0.473	-0.652	-0.500	-0.743	-0.289	-0.318	-0.331	-0.334	-0.332	-0.521	-0.493	-0.344	-0.352	-0.580	-0.337	-0.419	-0.345	-0.337	+0.292	-0.286	-0.106	-0.699	-0.080	-0.075	-0.086	
rs2021789      -0.175	-0.174	+0.687	-0.175	-0.189	-0.175	-0.140	+0.598	+0.619	-0.134	-0.098	+0.809	-0.047	-0.129	-0.081	+0.431	-0.253	-0.273	-0.081	-0.178	-0.067	-0.177	-0.187	+0.110	-0.181	-0.190	-0.056	-0.052	-0.069	-0.115	+0.097	-0.116	+0.206	-0.120	-0.166	-0.036	-0.116	-0.273	+0.056	-0.223	-0.058	-0.163	-0.157	-0.171	+0.085	+0.098	-0.155	-0.303	-0.303	-0.226	-0.153	+0.034	-0.201	-0.139	-0.190	-0.194	-0.139	-0.193	-0.004	-0.004	-0.093	+0.514	-0.191	-0.120	+0.023	-0.194	-0.204	-0.196	+1.047	+0.598	-0.128	-0.198	+0.601	-0.127	-0.201	+0.575	-0.202	-0.196	-0.203	+2.428	-0.203	-0.203	-0.197	-0.197	-0.203	-0.203	-0.204	-0.204	-0.204	+0.048	+3.273	-0.136	+4.258	-0.206	+0.034	-0.206	+3.480	+4.541	-0.155	-0.207	+4.499	+0.891	+0.552	+3.107	+0.590	-0.203	+3.116	+0.589	-0.012	-0.133	+0.078	-0.139	+3.132	+0.558	+0.575	-0.203	+0.550	+0.567	+0.252	+0.521	+0.253	+0.214	-0.231	+2.377	+2.363	+2.372	+3.206	+0.316	-0.204	+1.614	-0.204	+0.300	-0.210	-0.212	+0.084	-0.121	+0.037	-0.163	+0.243	+0.217	+0.205	+0.202	+0.204	-0.108	+0.068	+0.193	+0.186	-0.084	+0.199	+0.137	+0.192	+0.200	+0.622	+0.261	+0.517	-0.063	+0.543	+0.548	+0.537	
rs7274198      -0.524	-0.431	+0.557	-0.527	-0.465	-0.536	-0.734	+0.473	+0.488	-0.726	-0.756	+0.594	-0.700	-0.693	-0.721	+0.368	-0.807	-0.845	-0.628	-0.585	-0.713	-0.593	-0.884	-0.108	-0.566	-0.677	-0.596	-0.591	-0.740	-0.600	-0.566	-0.600	-0.120	-0.481	-0.787	-0.571	-0.601	-0.759	-0.223	-0.798	-0.790	-0.560	-0.579	-0.505	-0.108	-0.085	-0.598	-0.942	-0.942	-0.925	-0.729	-0.786	-0.829	-0.733	-0.812	-0.818	-0.733	-0.818	-0.541	-0.540	-0.505	+0.419	-0.814	-0.569	-0.510	-0.819	-0.824	-0.822	+1.100	+0.515	-0.742	-0.825	+0.519	-0.742	-0.829	+0.534	-0.830	-0.822	-0.831	+2.257	-0.831	-0.832	-0.823	-0.823	-0.832	-0.832	-0.833	-0.833	-0.833	-0.482	+3.379	-0.736	+4.423	-0.836	-0.484	-0.836	+3.608	+4.734	-0.557	-0.838	+4.680	+0.903	+0.446	+3.172	+0.493	-0.634	+3.181	+0.493	-0.427	-0.685	-0.304	-0.732	+3.199	+0.452	+0.473	-0.832	+0.441	+0.463	-0.081	+0.404	-0.079	-0.611	-0.814	+2.171	+2.155	+2.165	+3.277	-0.188	-0.836	+0.991	-0.836	-0.205	-0.847	-0.852	-0.475	-0.656	-0.501	-0.745	-0.289	-0.319	-0.331	-0.335	-0.333	-0.524	-0.494	-0.344	-0.353	-0.584	-0.338	-0.420	-0.346	-0.338	+0.288	-0.287	-0.109	-0.701	-0.083	-0.078	-0.088	
