## Summary of overall evidence for association with region:
## log10(BF for region) = -0.342021
## p-value for region = NA

## BFs for choosing among multi-SNP models:
## log10(average 1-SNP BF) = -0.287085
## log10(average 2-SNP BF) = -0.478511

## Example posterior probabilities for multi-SNP models, based on default prior: [p(l) propto 0.5^l for l=1,2,...,L]
## posterior probability of 1-SNP = 0.756562
## posterior probability of 2-SNP = 0.243438

## log10(BF) for single SNP and pair of SNPs:
rs113564019    -0.226	-0.537	-0.617	-0.626	-0.518	-0.518	-0.518	-0.535	-0.356	-0.377	-0.376	-0.376	-0.376	-0.376	-0.376	-0.376	-0.376	-0.376	-0.376	-0.376	-0.376	-0.634	-0.376	-0.376	-0.376	-0.376	-0.376	-0.373	-0.357	-0.688	-0.339	-0.324	-0.327	-0.418	-0.564	-0.609	-0.613	-0.612	-0.572	-0.576	-0.585	-0.578	-0.576	-0.576	-0.579	-0.577	-0.582	-0.577	-0.577	-0.527	-0.568	-0.582	-0.582	-0.585	-0.583	-0.583	-0.587	-0.584	-0.585	-0.585	-0.587	-0.588	-0.591	-0.572	-0.644	-0.499	-0.522	-0.500	-0.683	-0.498	-0.615	-0.678	-0.654	-0.660	-0.542	-0.676	-0.744	-0.667	-0.653	-0.322	-0.717	-0.532	-0.657	-0.647	-0.543	-0.541	-0.645	-0.510	-0.627	-0.612	-0.460	-0.604	-0.599	-0.626	-0.649	-0.656	-0.676	-0.504	-0.558	-0.563	-0.648	-0.667	-0.709	-0.683	-0.478	+0.052	-0.692	+0.073	-0.363	+0.073	-0.684	-0.685	-0.452	-0.681	-0.678	-0.635	+0.121	-0.681	+0.111	+0.111	+0.130	-0.688	+0.143	+0.224	+0.223	+0.161	-0.681	+0.202	-0.674	-0.662	-0.662	+0.237	-0.674	-0.655	-0.671	-0.674	+0.244	-0.671	-0.656	-0.668	-0.672	+0.308	-0.673	-0.514	-0.566	-0.709	-0.579	-0.684	-0.669	-0.658	
rs72888759     -0.537	-0.421	-0.748	-0.750	-0.609	-0.570	-0.569	-0.547	-0.583	-0.364	-0.363	-0.363	-0.363	-0.363	-0.363	-0.363	-0.363	-0.363	-0.363	-0.362	-0.362	-0.761	-0.362	-0.362	-0.362	-0.362	-0.362	-0.357	-0.580	-0.770	-0.639	-0.650	-0.635	-0.533	-0.671	-0.733	-0.786	-0.786	-0.736	-0.741	-0.751	-0.743	-0.742	-0.742	-0.745	-0.742	-0.748	-0.742	-0.743	-0.690	-0.733	-0.749	-0.749	-0.752	-0.750	-0.750	-0.754	-0.751	-0.752	-0.752	-0.755	-0.756	-0.760	-0.739	-0.827	-0.652	-0.710	-0.653	-0.862	-0.650	-0.792	-0.856	-0.834	-0.840	-0.700	-0.856	-0.920	-0.847	-0.830	-0.538	-0.903	-0.744	-0.837	-0.843	-0.752	-0.750	-0.825	-0.721	-0.808	-0.793	-0.674	-0.785	-0.780	-0.806	-0.830	-0.831	-0.861	-0.718	-0.756	-0.758	-0.844	-0.859	-0.881	-0.870	-0.667	-0.172	-0.876	-0.152	-0.526	-0.151	-0.871	-0.872	-0.655	-0.869	-0.868	-0.786	-0.106	-0.870	-0.115	-0.115	-0.096	-0.874	-0.084	-0.006	-0.007	-0.067	-0.870	-0.028	-0.864	-0.852	-0.852	+0.005	-0.865	-0.850	-0.862	-0.865	+0.012	-0.863	-0.851	-0.860	-0.863	+0.076	-0.863	-0.708	-0.751	-0.887	-0.763	-0.863	-0.847	-0.836	
rs72888763     -0.617	-0.748	-0.471	-0.706	-0.573	-0.668	-0.667	-0.744	-0.660	-0.496	-0.495	-0.495	-0.495	-0.495	-0.495	-0.495	-0.495	-0.495	-0.495	-0.495	-0.495	-0.715	-0.495	-0.495	-0.495	-0.495	-0.495	-0.491	-0.657	-0.881	-0.710	-0.720	-0.707	-0.605	-0.684	-0.745	-0.832	-0.831	-0.784	-0.789	-0.799	-0.791	-0.790	-0.790	-0.793	-0.790	-0.796	-0.790	-0.790	-0.733	-0.780	-0.796	-0.796	-0.800	-0.797	-0.797	-0.801	-0.798	-0.799	-0.799	-0.802	-0.803	-0.806	-0.788	-0.868	-0.706	-0.754	-0.707	-0.899	-0.705	-0.837	-0.897	-0.876	-0.874	-0.747	-0.891	-0.964	-0.882	-0.875	-0.574	-0.940	-0.782	-0.871	-0.884	-0.793	-0.791	-0.859	-0.762	-0.841	-0.826	-0.716	-0.817	-0.813	-0.839	-0.864	-0.868	-0.907	-0.762	-0.796	-0.798	-0.885	-0.901	-0.931	-0.912	-0.708	-0.243	-0.918	-0.224	-0.560	-0.223	-0.913	-0.914	-0.696	-0.911	-0.909	-0.841	-0.179	-0.912	-0.189	-0.188	-0.170	-0.916	-0.158	-0.083	-0.084	-0.142	-0.912	-0.104	-0.906	-0.893	-0.893	-0.072	-0.906	-0.891	-0.904	-0.907	-0.065	-0.904	-0.892	-0.901	-0.905	-0.002	-0.905	-0.749	-0.805	-0.935	-0.817	-0.912	-0.897	-0.887	
rs3826607      -0.626	-0.750	-0.706	-0.475	-0.385	-0.677	-0.676	-0.745	-0.668	-0.489	-0.488	-0.487	-0.488	-0.488	-0.487	-0.488	-0.488	-0.488	-0.487	-0.487	-0.487	-0.614	-0.487	-0.487	-0.487	-0.487	-0.487	-0.483	-0.665	-0.885	-0.717	-0.727	-0.714	-0.612	-0.629	-0.703	-0.836	-0.836	-0.790	-0.795	-0.805	-0.797	-0.795	-0.795	-0.799	-0.796	-0.801	-0.796	-0.796	-0.739	-0.786	-0.802	-0.802	-0.805	-0.803	-0.803	-0.807	-0.804	-0.804	-0.805	-0.807	-0.808	-0.812	-0.793	-0.872	-0.708	-0.758	-0.710	-0.903	-0.707	-0.841	-0.902	-0.880	-0.880	-0.752	-0.897	-0.968	-0.888	-0.879	-0.580	-0.946	-0.782	-0.877	-0.885	-0.793	-0.791	-0.866	-0.762	-0.848	-0.832	-0.715	-0.824	-0.820	-0.845	-0.870	-0.874	-0.910	-0.765	-0.799	-0.801	-0.888	-0.904	-0.933	-0.915	-0.711	-0.243	-0.922	-0.224	-0.567	-0.223	-0.916	-0.917	-0.700	-0.914	-0.913	-0.843	-0.179	-0.915	-0.189	-0.188	-0.170	-0.919	-0.158	-0.083	-0.084	-0.142	-0.915	-0.104	-0.909	-0.896	-0.896	-0.071	-0.909	-0.893	-0.907	-0.910	-0.065	-0.907	-0.895	-0.904	-0.908	-0.002	-0.908	-0.756	-0.805	-0.937	-0.817	-0.913	-0.898	-0.887	
rs3826608      -0.518	-0.609	-0.573	-0.385	-0.334	-0.592	-0.591	-0.604	-0.557	-0.355	-0.354	-0.353	-0.354	-0.354	-0.353	-0.354	-0.354	-0.353	-0.353	-0.353	-0.353	-0.365	-0.353	-0.353	-0.353	-0.353	-0.353	-0.349	-0.554	-0.779	-0.602	-0.611	-0.599	-0.496	-0.579	-0.586	-0.703	-0.703	-0.658	-0.663	-0.672	-0.665	-0.663	-0.663	-0.667	-0.664	-0.669	-0.664	-0.664	-0.606	-0.654	-0.670	-0.670	-0.673	-0.671	-0.671	-0.675	-0.672	-0.672	-0.673	-0.675	-0.676	-0.679	-0.661	-0.738	-0.579	-0.624	-0.580	-0.768	-0.577	-0.707	-0.769	-0.747	-0.745	-0.621	-0.762	-0.836	-0.753	-0.746	-0.436	-0.811	-0.639	-0.742	-0.748	-0.653	-0.651	-0.731	-0.621	-0.713	-0.697	-0.574	-0.689	-0.684	-0.710	-0.736	-0.741	-0.775	-0.627	-0.663	-0.664	-0.752	-0.768	-0.802	-0.781	-0.574	-0.104	-0.788	-0.085	-0.431	-0.084	-0.782	-0.783	-0.564	-0.779	-0.778	-0.713	-0.040	-0.780	-0.050	-0.049	-0.031	-0.785	-0.019	+0.057	+0.056	-0.003	-0.780	+0.035	-0.774	-0.761	-0.761	+0.069	-0.774	-0.757	-0.772	-0.775	+0.075	-0.772	-0.759	-0.769	-0.773	+0.139	-0.773	-0.624	-0.668	-0.802	-0.680	-0.778	-0.762	-0.752	
rs2847511      -0.518	-0.570	-0.668	-0.677	-0.592	-0.270	-0.388	-0.568	-0.544	-0.447	-0.446	-0.446	-0.446	-0.446	-0.446	-0.446	-0.446	-0.446	-0.446	-0.446	-0.446	-0.683	-0.446	-0.446	-0.446	-0.446	-0.445	-0.443	-0.542	-0.686	-0.570	-0.574	-0.567	-0.490	-0.627	-0.661	-0.636	-0.636	-0.585	-0.591	-0.601	-0.593	-0.591	-0.591	-0.595	-0.592	-0.598	-0.592	-0.592	-0.539	-0.582	-0.598	-0.599	-0.602	-0.600	-0.600	-0.604	-0.601	-0.601	-0.602	-0.604	-0.605	-0.609	-0.585	-0.679	-0.509	-0.559	-0.511	-0.706	-0.508	-0.641	-0.725	-0.684	-0.710	-0.583	-0.723	-0.769	-0.716	-0.681	-0.396	-0.758	-0.589	-0.707	-0.693	-0.602	-0.600	-0.696	-0.569	-0.681	-0.668	-0.522	-0.660	-0.655	-0.677	-0.700	-0.703	-0.704	-0.561	-0.586	-0.591	-0.675	-0.695	-0.736	-0.712	-0.511	+0.025	-0.721	+0.047	-0.361	+0.046	-0.713	-0.714	-0.479	-0.709	-0.707	-0.656	+0.093	-0.710	+0.082	+0.083	+0.102	-0.717	+0.115	+0.194	+0.193	+0.132	-0.710	+0.174	-0.702	-0.689	-0.690	+0.209	-0.703	-0.683	-0.700	-0.703	+0.216	-0.700	-0.685	-0.696	-0.701	+0.279	-0.701	-0.534	-0.602	-0.743	-0.615	-0.721	-0.706	-0.696	
rs11665282     -0.518	-0.569	-0.667	-0.676	-0.591	-0.388	-0.269	-0.568	-0.544	-0.446	-0.446	-0.446	-0.446	-0.446	-0.446	-0.446	-0.446	-0.446	-0.446	-0.445	-0.445	-0.682	-0.445	-0.445	-0.445	-0.445	-0.445	-0.443	-0.542	-0.686	-0.570	-0.574	-0.567	-0.489	-0.626	-0.660	-0.636	-0.635	-0.585	-0.590	-0.600	-0.592	-0.590	-0.590	-0.594	-0.591	-0.597	-0.591	-0.592	-0.538	-0.581	-0.598	-0.598	-0.601	-0.599	-0.599	-0.603	-0.600	-0.600	-0.601	-0.604	-0.605	-0.609	-0.585	-0.679	-0.509	-0.559	-0.511	-0.705	-0.508	-0.641	-0.724	-0.684	-0.709	-0.582	-0.723	-0.769	-0.715	-0.681	-0.395	-0.757	-0.588	-0.707	-0.692	-0.601	-0.599	-0.696	-0.568	-0.680	-0.667	-0.521	-0.659	-0.655	-0.676	-0.700	-0.702	-0.703	-0.560	-0.585	-0.590	-0.675	-0.695	-0.736	-0.711	-0.511	+0.027	-0.721	+0.048	-0.360	+0.048	-0.712	-0.714	-0.479	-0.709	-0.707	-0.655	+0.094	-0.709	+0.084	+0.085	+0.103	-0.716	+0.117	+0.196	+0.194	+0.134	-0.710	+0.176	-0.702	-0.689	-0.689	+0.211	-0.702	-0.683	-0.699	-0.703	+0.218	-0.699	-0.684	-0.696	-0.700	+0.281	-0.701	-0.533	-0.601	-0.743	-0.614	-0.720	-0.705	-0.695	
rs117090508    -0.535	-0.547	-0.744	-0.745	-0.604	-0.568	-0.568	-0.417	-0.581	-0.363	-0.362	-0.362	-0.362	-0.362	-0.362	-0.362	-0.362	-0.362	-0.362	-0.362	-0.362	-0.757	-0.362	-0.362	-0.362	-0.361	-0.361	-0.356	-0.578	-0.763	-0.636	-0.647	-0.633	-0.531	-0.667	-0.729	-0.783	-0.783	-0.733	-0.738	-0.748	-0.740	-0.738	-0.738	-0.742	-0.739	-0.745	-0.739	-0.740	-0.687	-0.729	-0.746	-0.746	-0.749	-0.747	-0.747	-0.751	-0.748	-0.748	-0.749	-0.752	-0.752	-0.756	-0.736	-0.824	-0.648	-0.707	-0.650	-0.859	-0.647	-0.789	-0.853	-0.831	-0.837	-0.697	-0.853	-0.917	-0.845	-0.827	-0.534	-0.900	-0.740	-0.834	-0.839	-0.748	-0.746	-0.823	-0.717	-0.805	-0.790	-0.671	-0.782	-0.778	-0.803	-0.827	-0.828	-0.858	-0.714	-0.753	-0.755	-0.841	-0.856	-0.878	-0.867	-0.664	-0.168	-0.873	-0.148	-0.523	-0.147	-0.868	-0.869	-0.652	-0.866	-0.865	-0.783	-0.101	-0.867	-0.111	-0.110	-0.092	-0.871	-0.079	-0.002	-0.003	-0.063	-0.867	-0.024	-0.861	-0.849	-0.849	+0.010	-0.862	-0.847	-0.860	-0.862	+0.016	-0.860	-0.848	-0.857	-0.860	+0.080	-0.861	-0.705	-0.747	-0.884	-0.760	-0.860	-0.844	-0.833	
rs76842131     -0.356	-0.583	-0.660	-0.668	-0.557	-0.544	-0.544	-0.581	-0.277	-0.420	-0.420	-0.420	-0.420	-0.419	-0.419	-0.419	-0.419	-0.419	-0.419	-0.419	-0.419	-0.677	-0.419	-0.419	-0.419	-0.419	-0.419	-0.416	-0.376	-0.727	-0.392	-0.379	-0.395	-0.450	-0.605	-0.651	-0.659	-0.658	-0.617	-0.622	-0.630	-0.624	-0.622	-0.622	-0.625	-0.623	-0.628	-0.623	-0.623	-0.572	-0.614	-0.628	-0.628	-0.631	-0.629	-0.629	-0.633	-0.630	-0.630	-0.631	-0.633	-0.634	-0.637	-0.618	-0.690	-0.543	-0.569	-0.545	-0.729	-0.542	-0.662	-0.724	-0.700	-0.706	-0.586	-0.722	-0.790	-0.714	-0.699	-0.373	-0.764	-0.581	-0.704	-0.695	-0.593	-0.590	-0.691	-0.559	-0.674	-0.659	-0.510	-0.650	-0.646	-0.672	-0.696	-0.702	-0.723	-0.555	-0.607	-0.611	-0.696	-0.715	-0.755	-0.730	-0.526	-0.003	-0.738	+0.019	-0.408	+0.018	-0.731	-0.732	-0.502	-0.728	-0.726	-0.679	+0.065	-0.728	+0.055	+0.056	+0.075	-0.735	+0.088	+0.168	+0.167	+0.105	-0.729	+0.146	-0.721	-0.709	-0.709	+0.180	-0.721	-0.703	-0.719	-0.722	+0.188	-0.719	-0.704	-0.715	-0.720	+0.251	-0.720	-0.563	-0.613	-0.755	-0.626	-0.731	-0.715	-0.705	
rs8089727      -0.377	-0.364	-0.496	-0.489	-0.355	-0.447	-0.446	-0.363	-0.420	-0.205	-0.297	-0.298	-0.296	-0.296	-0.296	-0.296	-0.296	-0.296	-0.296	-0.296	-0.296	-0.503	-0.296	-0.296	-0.296	-0.296	-0.296	-0.294	-0.417	-0.391	-0.470	-0.480	-0.467	-0.361	-0.397	-0.476	-0.585	-0.584	-0.533	-0.538	-0.549	-0.541	-0.539	-0.539	-0.542	-0.539	-0.546	-0.539	-0.540	-0.497	-0.529	-0.546	-0.546	-0.550	-0.547	-0.548	-0.552	-0.549	-0.549	-0.550	-0.553	-0.553	-0.557	-0.537	-0.631	-0.444	-0.509	-0.445	-0.665	-0.442	-0.593	-0.658	-0.635	-0.644	-0.498	-0.660	-0.724	-0.652	-0.632	-0.300	-0.706	-0.515	-0.642	-0.630	-0.526	-0.524	-0.627	-0.485	-0.608	-0.593	-0.434	-0.585	-0.580	-0.606	-0.632	-0.633	-0.656	-0.498	-0.559	-0.561	-0.645	-0.661	-0.673	-0.672	-0.465	+0.080	-0.678	+0.100	-0.338	+0.102	-0.673	-0.674	-0.457	-0.671	-0.670	-0.577	+0.149	-0.672	+0.139	+0.139	+0.159	-0.676	+0.172	+0.252	+0.251	+0.189	-0.672	+0.230	-0.666	-0.653	-0.653	+0.264	-0.667	-0.652	-0.664	-0.667	+0.271	-0.664	-0.654	-0.662	-0.665	+0.340	-0.665	-0.508	-0.536	-0.681	-0.549	-0.655	-0.638	-0.627	
rs68078867     -0.376	-0.363	-0.495	-0.488	-0.354	-0.446	-0.446	-0.362	-0.420	-0.297	-0.204	-0.298	-0.296	-0.296	-0.296	-0.296	-0.296	-0.296	-0.296	-0.296	-0.296	-0.502	-0.296	-0.296	-0.296	-0.296	-0.296	-0.294	-0.417	-0.390	-0.470	-0.480	-0.466	-0.360	-0.396	-0.475	-0.584	-0.584	-0.532	-0.537	-0.548	-0.540	-0.538	-0.538	-0.542	-0.539	-0.545	-0.539	-0.539	-0.496	-0.528	-0.545	-0.546	-0.549	-0.547	-0.547	-0.551	-0.548	-0.548	-0.549	-0.552	-0.553	-0.557	-0.536	-0.630	-0.443	-0.508	-0.445	-0.665	-0.441	-0.592	-0.658	-0.635	-0.644	-0.497	-0.659	-0.723	-0.651	-0.631	-0.299	-0.705	-0.514	-0.641	-0.629	-0.526	-0.524	-0.626	-0.484	-0.608	-0.593	-0.433	-0.584	-0.580	-0.606	-0.631	-0.632	-0.655	-0.497	-0.559	-0.560	-0.645	-0.660	-0.673	-0.671	-0.464	+0.080	-0.678	+0.101	-0.337	+0.102	-0.672	-0.674	-0.457	-0.671	-0.669	-0.576	+0.150	-0.671	+0.139	+0.140	+0.160	-0.676	+0.173	+0.253	+0.252	+0.190	-0.671	+0.230	-0.666	-0.652	-0.653	+0.265	-0.666	-0.651	-0.664	-0.666	+0.271	-0.664	-0.653	-0.661	-0.665	+0.340	-0.665	-0.507	-0.535	-0.681	-0.549	-0.655	-0.638	-0.626	
rs57317126     -0.376	-0.363	-0.495	-0.487	-0.353	-0.446	-0.446	-0.362	-0.420	-0.298	-0.298	-0.204	-0.298	-0.298	-0.297	-0.298	-0.298	-0.298	-0.297	-0.297	-0.297	-0.502	-0.297	-0.297	-0.297	-0.297	-0.297	-0.295	-0.417	-0.391	-0.470	-0.480	-0.466	-0.360	-0.395	-0.475	-0.584	-0.584	-0.532	-0.537	-0.548	-0.540	-0.538	-0.538	-0.542	-0.539	-0.545	-0.539	-0.539	-0.496	-0.528	-0.545	-0.546	-0.549	-0.547	-0.547	-0.551	-0.548	-0.548	-0.549	-0.552	-0.553	-0.557	-0.536	-0.630	-0.443	-0.508	-0.445	-0.664	-0.441	-0.592	-0.658	-0.634	-0.644	-0.497	-0.659	-0.723	-0.651	-0.631	-0.299	-0.705	-0.514	-0.641	-0.629	-0.526	-0.523	-0.626	-0.484	-0.608	-0.593	-0.433	-0.584	-0.579	-0.605	-0.631	-0.632	-0.655	-0.497	-0.559	-0.560	-0.644	-0.660	-0.673	-0.671	-0.464	+0.080	-0.678	+0.101	-0.337	+0.102	-0.672	-0.674	-0.456	-0.670	-0.669	-0.576	+0.150	-0.671	+0.140	+0.140	+0.160	-0.676	+0.173	+0.253	+0.252	+0.190	-0.671	+0.230	-0.665	-0.652	-0.652	+0.265	-0.666	-0.651	-0.664	-0.666	+0.272	-0.664	-0.653	-0.661	-0.664	+0.340	-0.665	-0.507	-0.535	-0.681	-0.548	-0.655	-0.638	-0.626	
rs59414197     -0.376	-0.363	-0.495	-0.488	-0.354	-0.446	-0.446	-0.362	-0.420	-0.296	-0.296	-0.298	-0.204	-0.296	-0.296	-0.296	-0.296	-0.296	-0.296	-0.296	-0.296	-0.502	-0.296	-0.296	-0.296	-0.296	-0.296	-0.294	-0.417	-0.390	-0.470	-0.480	-0.466	-0.360	-0.396	-0.475	-0.584	-0.584	-0.532	-0.537	-0.548	-0.540	-0.538	-0.538	-0.542	-0.539	-0.545	-0.539	-0.539	-0.496	-0.528	-0.545	-0.546	-0.549	-0.547	-0.547	-0.551	-0.548	-0.548	-0.549	-0.552	-0.553	-0.557	-0.536	-0.630	-0.443	-0.508	-0.445	-0.664	-0.441	-0.592	-0.658	-0.634	-0.644	-0.497	-0.659	-0.723	-0.651	-0.631	-0.299	-0.705	-0.514	-0.641	-0.629	-0.526	-0.523	-0.626	-0.484	-0.608	-0.593	-0.433	-0.584	-0.579	-0.605	-0.631	-0.632	-0.655	-0.497	-0.559	-0.560	-0.644	-0.660	-0.673	-0.671	-0.464	+0.080	-0.678	+0.101	-0.337	+0.102	-0.672	-0.674	-0.456	-0.670	-0.669	-0.576	+0.150	-0.671	+0.140	+0.140	+0.160	-0.676	+0.173	+0.253	+0.252	+0.190	-0.671	+0.230	-0.665	-0.652	-0.653	+0.265	-0.666	-0.651	-0.664	-0.666	+0.272	-0.664	-0.653	-0.661	-0.664	+0.340	-0.665	-0.507	-0.535	-0.681	-0.549	-0.655	-0.638	-0.626	
rs60423172     -0.376	-0.363	-0.495	-0.488	-0.354	-0.446	-0.446	-0.362	-0.419	-0.296	-0.296	-0.298	-0.296	-0.204	-0.296	-0.296	-0.296	-0.296	-0.296	-0.296	-0.296	-0.502	-0.296	-0.296	-0.296	-0.296	-0.296	-0.294	-0.417	-0.390	-0.470	-0.480	-0.466	-0.360	-0.396	-0.475	-0.584	-0.584	-0.532	-0.537	-0.548	-0.540	-0.538	-0.538	-0.542	-0.538	-0.545	-0.539	-0.539	-0.496	-0.528	-0.545	-0.546	-0.549	-0.547	-0.547	-0.551	-0.548	-0.548	-0.549	-0.552	-0.553	-0.557	-0.536	-0.630	-0.443	-0.508	-0.445	-0.664	-0.441	-0.592	-0.657	-0.634	-0.643	-0.497	-0.659	-0.723	-0.651	-0.631	-0.299	-0.705	-0.514	-0.641	-0.629	-0.526	-0.523	-0.626	-0.484	-0.608	-0.593	-0.433	-0.584	-0.579	-0.605	-0.631	-0.632	-0.655	-0.497	-0.558	-0.560	-0.644	-0.660	-0.673	-0.671	-0.464	+0.080	-0.678	+0.101	-0.337	+0.102	-0.672	-0.674	-0.456	-0.670	-0.669	-0.576	+0.150	-0.671	+0.140	+0.140	+0.160	-0.676	+0.173	+0.253	+0.252	+0.190	-0.671	+0.230	-0.665	-0.652	-0.652	+0.265	-0.666	-0.651	-0.663	-0.666	+0.272	-0.664	-0.653	-0.661	-0.664	+0.340	-0.665	-0.507	-0.535	-0.681	-0.548	-0.655	-0.638	-0.626	
rs56869233     -0.376	-0.363	-0.495	-0.487	-0.353	-0.446	-0.446	-0.362	-0.419	-0.296	-0.296	-0.297	-0.296	-0.296	-0.204	-0.296	-0.296	-0.296	-0.296	-0.296	-0.296	-0.502	-0.296	-0.296	-0.296	-0.296	-0.295	-0.294	-0.416	-0.390	-0.469	-0.479	-0.466	-0.360	-0.396	-0.475	-0.584	-0.583	-0.532	-0.537	-0.548	-0.540	-0.538	-0.538	-0.541	-0.538	-0.545	-0.538	-0.539	-0.496	-0.528	-0.545	-0.545	-0.549	-0.546	-0.547	-0.551	-0.548	-0.548	-0.549	-0.552	-0.552	-0.556	-0.536	-0.630	-0.443	-0.508	-0.444	-0.664	-0.441	-0.592	-0.657	-0.634	-0.643	-0.497	-0.659	-0.723	-0.651	-0.631	-0.299	-0.705	-0.514	-0.641	-0.629	-0.525	-0.523	-0.626	-0.484	-0.607	-0.593	-0.433	-0.584	-0.579	-0.605	-0.631	-0.632	-0.655	-0.497	-0.558	-0.560	-0.644	-0.660	-0.672	-0.671	-0.464	+0.081	-0.677	+0.101	-0.337	+0.103	-0.672	-0.673	-0.456	-0.670	-0.669	-0.576	+0.150	-0.671	+0.140	+0.141	+0.160	-0.675	+0.173	+0.253	+0.252	+0.190	-0.671	+0.231	-0.665	-0.652	-0.652	+0.265	-0.666	-0.651	-0.663	-0.666	+0.272	-0.663	-0.653	-0.661	-0.664	+0.341	-0.664	-0.507	-0.535	-0.680	-0.548	-0.654	-0.637	-0.626	
rs73430928     -0.376	-0.363	-0.495	-0.488	-0.354	-0.446	-0.446	-0.362	-0.419	-0.296	-0.296	-0.298	-0.296	-0.296	-0.296	-0.204	-0.296	-0.296	-0.296	-0.296	-0.296	-0.502	-0.296	-0.296	-0.296	-0.296	-0.296	-0.294	-0.416	-0.390	-0.469	-0.479	-0.466	-0.360	-0.396	-0.475	-0.584	-0.583	-0.532	-0.537	-0.548	-0.540	-0.538	-0.538	-0.542	-0.538	-0.545	-0.539	-0.539	-0.496	-0.528	-0.545	-0.546	-0.549	-0.547	-0.547	-0.551	-0.548	-0.548	-0.549	-0.552	-0.553	-0.557	-0.536	-0.630	-0.443	-0.508	-0.445	-0.664	-0.441	-0.592	-0.657	-0.634	-0.643	-0.497	-0.659	-0.723	-0.651	-0.631	-0.299	-0.705	-0.514	-0.641	-0.629	-0.525	-0.523	-0.626	-0.484	-0.608	-0.593	-0.433	-0.584	-0.579	-0.605	-0.631	-0.632	-0.655	-0.497	-0.558	-0.560	-0.644	-0.660	-0.672	-0.671	-0.464	+0.080	-0.677	+0.101	-0.337	+0.102	-0.672	-0.674	-0.456	-0.670	-0.669	-0.576	+0.150	-0.671	+0.140	+0.140	+0.160	-0.676	+0.173	+0.253	+0.252	+0.190	-0.671	+0.230	-0.665	-0.652	-0.652	+0.265	-0.666	-0.651	-0.663	-0.666	+0.272	-0.664	-0.653	-0.661	-0.664	+0.340	-0.665	-0.507	-0.535	-0.680	-0.548	-0.654	-0.638	-0.626	
rs113270185    -0.376	-0.363	-0.495	-0.488	-0.354	-0.446	-0.446	-0.362	-0.419	-0.296	-0.296	-0.298	-0.296	-0.296	-0.296	-0.296	-0.204	-0.296	-0.296	-0.296	-0.296	-0.502	-0.296	-0.296	-0.296	-0.296	-0.296	-0.294	-0.416	-0.390	-0.469	-0.479	-0.466	-0.360	-0.396	-0.475	-0.584	-0.583	-0.532	-0.537	-0.548	-0.540	-0.538	-0.538	-0.542	-0.538	-0.545	-0.539	-0.539	-0.496	-0.528	-0.545	-0.545	-0.549	-0.547	-0.547	-0.551	-0.548	-0.548	-0.549	-0.552	-0.553	-0.556	-0.536	-0.630	-0.443	-0.508	-0.445	-0.664	-0.441	-0.592	-0.657	-0.634	-0.643	-0.497	-0.659	-0.723	-0.651	-0.631	-0.299	-0.705	-0.514	-0.641	-0.629	-0.525	-0.523	-0.626	-0.484	-0.607	-0.593	-0.433	-0.584	-0.579	-0.605	-0.631	-0.632	-0.655	-0.497	-0.558	-0.560	-0.644	-0.660	-0.672	-0.671	-0.464	+0.080	-0.677	+0.101	-0.337	+0.102	-0.672	-0.673	-0.456	-0.670	-0.669	-0.576	+0.150	-0.671	+0.140	+0.140	+0.160	-0.676	+0.173	+0.253	+0.252	+0.190	-0.671	+0.230	-0.665	-0.652	-0.652	+0.265	-0.666	-0.651	-0.663	-0.666	+0.272	-0.664	-0.653	-0.661	-0.664	+0.340	-0.665	-0.507	-0.535	-0.680	-0.548	-0.654	-0.638	-0.626	
rs111680664    -0.376	-0.363	-0.495	-0.488	-0.353	-0.446	-0.446	-0.362	-0.419	-0.296	-0.296	-0.298	-0.296	-0.296	-0.296	-0.296	-0.296	-0.204	-0.296	-0.296	-0.296	-0.502	-0.296	-0.296	-0.296	-0.296	-0.296	-0.294	-0.416	-0.390	-0.469	-0.479	-0.466	-0.360	-0.396	-0.475	-0.584	-0.583	-0.532	-0.537	-0.548	-0.540	-0.538	-0.538	-0.542	-0.538	-0.545	-0.539	-0.539	-0.496	-0.528	-0.545	-0.545	-0.549	-0.547	-0.547	-0.551	-0.548	-0.548	-0.549	-0.552	-0.553	-0.556	-0.536	-0.630	-0.443	-0.508	-0.445	-0.664	-0.441	-0.592	-0.657	-0.634	-0.643	-0.497	-0.659	-0.723	-0.651	-0.631	-0.299	-0.705	-0.514	-0.641	-0.629	-0.525	-0.523	-0.626	-0.484	-0.607	-0.593	-0.433	-0.584	-0.579	-0.605	-0.631	-0.632	-0.655	-0.497	-0.558	-0.560	-0.644	-0.660	-0.672	-0.671	-0.464	+0.081	-0.677	+0.101	-0.337	+0.103	-0.672	-0.673	-0.456	-0.670	-0.669	-0.576	+0.150	-0.671	+0.140	+0.140	+0.160	-0.676	+0.173	+0.253	+0.252	+0.190	-0.671	+0.231	-0.665	-0.652	-0.652	+0.265	-0.666	-0.651	-0.663	-0.666	+0.272	-0.664	-0.653	-0.661	-0.664	+0.341	-0.665	-0.507	-0.535	-0.680	-0.548	-0.654	-0.638	-0.626	
rs8085279      -0.376	-0.363	-0.495	-0.487	-0.353	-0.446	-0.446	-0.362	-0.419	-0.296	-0.296	-0.297	-0.296	-0.296	-0.296	-0.296	-0.296	-0.296	-0.204	-0.296	-0.296	-0.502	-0.296	-0.296	-0.296	-0.295	-0.295	-0.294	-0.416	-0.390	-0.469	-0.479	-0.466	-0.360	-0.395	-0.475	-0.584	-0.583	-0.532	-0.537	-0.548	-0.540	-0.538	-0.538	-0.541	-0.538	-0.545	-0.538	-0.539	-0.496	-0.528	-0.545	-0.545	-0.549	-0.546	-0.547	-0.551	-0.548	-0.548	-0.549	-0.552	-0.552	-0.556	-0.536	-0.630	-0.443	-0.508	-0.444	-0.664	-0.441	-0.592	-0.657	-0.634	-0.643	-0.497	-0.659	-0.723	-0.651	-0.631	-0.299	-0.705	-0.514	-0.641	-0.629	-0.525	-0.523	-0.626	-0.484	-0.607	-0.592	-0.433	-0.584	-0.579	-0.605	-0.631	-0.632	-0.655	-0.497	-0.558	-0.560	-0.644	-0.660	-0.672	-0.671	-0.464	+0.081	-0.677	+0.101	-0.337	+0.103	-0.672	-0.673	-0.456	-0.670	-0.669	-0.576	+0.150	-0.671	+0.140	+0.141	+0.160	-0.675	+0.173	+0.253	+0.252	+0.190	-0.671	+0.231	-0.665	-0.652	-0.652	+0.265	-0.666	-0.651	-0.663	-0.666	+0.272	-0.663	-0.652	-0.661	-0.664	+0.341	-0.664	-0.507	-0.535	-0.680	-0.548	-0.654	-0.637	-0.626	
rs13381081     -0.376	-0.362	-0.495	-0.487	-0.353	-0.446	-0.445	-0.362	-0.419	-0.296	-0.296	-0.297	-0.296	-0.296	-0.296	-0.296	-0.296	-0.296	-0.296	-0.203	-0.295	-0.501	-0.295	-0.295	-0.295	-0.295	-0.295	-0.293	-0.416	-0.389	-0.469	-0.479	-0.466	-0.360	-0.395	-0.474	-0.584	-0.583	-0.531	-0.537	-0.548	-0.539	-0.537	-0.537	-0.541	-0.538	-0.544	-0.538	-0.539	-0.495	-0.528	-0.545	-0.545	-0.549	-0.546	-0.546	-0.551	-0.548	-0.548	-0.549	-0.551	-0.552	-0.556	-0.535	-0.630	-0.442	-0.508	-0.444	-0.664	-0.441	-0.591	-0.657	-0.634	-0.643	-0.496	-0.659	-0.723	-0.650	-0.630	-0.299	-0.705	-0.514	-0.641	-0.628	-0.525	-0.523	-0.625	-0.484	-0.607	-0.592	-0.433	-0.584	-0.579	-0.605	-0.630	-0.631	-0.655	-0.497	-0.558	-0.559	-0.644	-0.659	-0.672	-0.671	-0.463	+0.081	-0.677	+0.102	-0.336	+0.103	-0.672	-0.673	-0.456	-0.670	-0.669	-0.575	+0.150	-0.671	+0.140	+0.141	+0.161	-0.675	+0.173	+0.254	+0.252	+0.190	-0.671	+0.231	-0.665	-0.652	-0.652	+0.265	-0.665	-0.651	-0.663	-0.666	+0.272	-0.663	-0.652	-0.660	-0.664	+0.341	-0.664	-0.507	-0.535	-0.680	-0.548	-0.654	-0.637	-0.626	
rs66858216     -0.376	-0.362	-0.495	-0.487	-0.353	-0.446	-0.445	-0.362	-0.419	-0.296	-0.296	-0.297	-0.296	-0.296	-0.296	-0.296	-0.296	-0.296	-0.296	-0.295	-0.203	-0.501	-0.295	-0.295	-0.295	-0.295	-0.295	-0.293	-0.416	-0.390	-0.469	-0.479	-0.466	-0.360	-0.395	-0.474	-0.584	-0.583	-0.532	-0.537	-0.548	-0.539	-0.537	-0.537	-0.541	-0.538	-0.544	-0.538	-0.539	-0.495	-0.528	-0.545	-0.545	-0.549	-0.546	-0.546	-0.551	-0.548	-0.548	-0.549	-0.551	-0.552	-0.556	-0.535	-0.630	-0.442	-0.508	-0.444	-0.664	-0.441	-0.591	-0.657	-0.634	-0.643	-0.496	-0.659	-0.723	-0.650	-0.630	-0.299	-0.705	-0.514	-0.641	-0.628	-0.525	-0.523	-0.625	-0.484	-0.607	-0.592	-0.433	-0.584	-0.579	-0.605	-0.630	-0.631	-0.655	-0.497	-0.558	-0.559	-0.644	-0.660	-0.672	-0.671	-0.463	+0.081	-0.677	+0.102	-0.336	+0.103	-0.672	-0.673	-0.456	-0.670	-0.669	-0.575	+0.150	-0.671	+0.140	+0.141	+0.161	-0.675	+0.173	+0.254	+0.252	+0.190	-0.671	+0.231	-0.665	-0.652	-0.652	+0.265	-0.665	-0.651	-0.663	-0.666	+0.272	-0.663	-0.652	-0.660	-0.664	+0.341	-0.664	-0.507	-0.535	-0.680	-0.548	-0.654	-0.637	-0.626	
rs8093132      -0.634	-0.761	-0.715	-0.614	-0.365	-0.683	-0.682	-0.757	-0.677	-0.503	-0.502	-0.502	-0.502	-0.502	-0.502	-0.502	-0.502	-0.502	-0.502	-0.501	-0.501	-0.487	-0.501	-0.501	-0.501	-0.501	-0.501	-0.498	-0.674	-0.893	-0.726	-0.736	-0.723	-0.622	-0.621	-0.706	-0.847	-0.847	-0.801	-0.806	-0.816	-0.808	-0.806	-0.806	-0.810	-0.807	-0.813	-0.807	-0.807	-0.750	-0.797	-0.813	-0.813	-0.816	-0.814	-0.814	-0.818	-0.815	-0.816	-0.816	-0.819	-0.819	-0.823	-0.804	-0.883	-0.719	-0.769	-0.721	-0.915	-0.718	-0.852	-0.913	-0.892	-0.892	-0.763	-0.908	-0.979	-0.899	-0.890	-0.591	-0.957	-0.794	-0.889	-0.897	-0.805	-0.803	-0.877	-0.774	-0.859	-0.844	-0.727	-0.836	-0.831	-0.856	-0.882	-0.885	-0.921	-0.777	-0.811	-0.812	-0.899	-0.915	-0.944	-0.926	-0.723	-0.254	-0.933	-0.235	-0.578	-0.235	-0.927	-0.929	-0.712	-0.925	-0.924	-0.854	-0.190	-0.926	-0.200	-0.199	-0.182	-0.931	-0.169	-0.094	-0.095	-0.153	-0.926	-0.115	-0.920	-0.908	-0.908	-0.083	-0.921	-0.905	-0.918	-0.921	-0.076	-0.918	-0.907	-0.916	-0.919	-0.013	-0.919	-0.767	-0.816	-0.948	-0.828	-0.924	-0.909	-0.898	
rs16967519     -0.376	-0.362	-0.495	-0.487	-0.353	-0.446	-0.445	-0.362	-0.419	-0.296	-0.296	-0.297	-0.296	-0.296	-0.296	-0.296	-0.296	-0.296	-0.296	-0.295	-0.295	-0.501	-0.203	-0.295	-0.295	-0.295	-0.295	-0.293	-0.416	-0.389	-0.469	-0.479	-0.466	-0.360	-0.395	-0.474	-0.584	-0.583	-0.531	-0.537	-0.548	-0.539	-0.537	-0.537	-0.541	-0.538	-0.544	-0.538	-0.539	-0.495	-0.528	-0.545	-0.545	-0.549	-0.546	-0.546	-0.551	-0.547	-0.548	-0.549	-0.551	-0.552	-0.556	-0.535	-0.630	-0.442	-0.508	-0.444	-0.664	-0.441	-0.591	-0.657	-0.634	-0.643	-0.496	-0.659	-0.723	-0.650	-0.630	-0.299	-0.705	-0.513	-0.641	-0.628	-0.525	-0.523	-0.625	-0.483	-0.607	-0.592	-0.433	-0.584	-0.579	-0.605	-0.630	-0.631	-0.655	-0.497	-0.558	-0.559	-0.644	-0.659	-0.672	-0.671	-0.463	+0.081	-0.677	+0.102	-0.336	+0.103	-0.672	-0.673	-0.456	-0.670	-0.668	-0.575	+0.150	-0.671	+0.140	+0.141	+0.161	-0.675	+0.173	+0.254	+0.252	+0.190	-0.671	+0.231	-0.665	-0.652	-0.652	+0.265	-0.665	-0.651	-0.663	-0.666	+0.272	-0.663	-0.652	-0.660	-0.664	+0.341	-0.664	-0.507	-0.535	-0.680	-0.548	-0.654	-0.637	-0.626	
rs2298601      -0.376	-0.362	-0.495	-0.487	-0.353	-0.446	-0.445	-0.362	-0.419	-0.296	-0.296	-0.297	-0.296	-0.296	-0.296	-0.296	-0.296	-0.296	-0.296	-0.295	-0.295	-0.501	-0.295	-0.203	-0.295	-0.295	-0.295	-0.293	-0.416	-0.389	-0.469	-0.479	-0.466	-0.360	-0.395	-0.474	-0.584	-0.583	-0.531	-0.537	-0.548	-0.539	-0.537	-0.537	-0.541	-0.538	-0.544	-0.538	-0.539	-0.495	-0.528	-0.545	-0.545	-0.549	-0.546	-0.546	-0.551	-0.547	-0.548	-0.549	-0.551	-0.552	-0.556	-0.535	-0.630	-0.442	-0.508	-0.444	-0.664	-0.441	-0.591	-0.657	-0.634	-0.643	-0.496	-0.659	-0.723	-0.650	-0.630	-0.299	-0.705	-0.514	-0.641	-0.628	-0.525	-0.523	-0.625	-0.483	-0.607	-0.592	-0.433	-0.584	-0.579	-0.605	-0.630	-0.631	-0.655	-0.497	-0.558	-0.559	-0.644	-0.659	-0.672	-0.671	-0.463	+0.081	-0.677	+0.102	-0.336	+0.103	-0.672	-0.673	-0.456	-0.670	-0.668	-0.575	+0.150	-0.671	+0.140	+0.141	+0.161	-0.675	+0.173	+0.254	+0.252	+0.190	-0.671	+0.231	-0.665	-0.652	-0.652	+0.265	-0.665	-0.651	-0.663	-0.666	+0.272	-0.663	-0.652	-0.660	-0.664	+0.341	-0.664	-0.507	-0.535	-0.680	-0.548	-0.654	-0.637	-0.626	
rs13381368     -0.376	-0.362	-0.495	-0.487	-0.353	-0.446	-0.445	-0.362	-0.419	-0.296	-0.296	-0.297	-0.296	-0.296	-0.296	-0.296	-0.296	-0.296	-0.296	-0.295	-0.295	-0.501	-0.295	-0.295	-0.203	-0.295	-0.295	-0.294	-0.416	-0.389	-0.469	-0.479	-0.466	-0.360	-0.395	-0.474	-0.584	-0.583	-0.531	-0.537	-0.548	-0.539	-0.537	-0.537	-0.541	-0.538	-0.544	-0.538	-0.539	-0.495	-0.528	-0.545	-0.545	-0.549	-0.546	-0.546	-0.551	-0.547	-0.548	-0.549	-0.551	-0.552	-0.556	-0.535	-0.630	-0.442	-0.507	-0.444	-0.664	-0.441	-0.591	-0.657	-0.634	-0.643	-0.496	-0.659	-0.723	-0.650	-0.630	-0.299	-0.705	-0.513	-0.641	-0.628	-0.525	-0.523	-0.625	-0.483	-0.607	-0.592	-0.433	-0.584	-0.579	-0.605	-0.630	-0.631	-0.655	-0.497	-0.558	-0.559	-0.644	-0.659	-0.672	-0.671	-0.463	+0.081	-0.677	+0.102	-0.336	+0.103	-0.672	-0.673	-0.456	-0.670	-0.668	-0.575	+0.150	-0.671	+0.140	+0.141	+0.161	-0.675	+0.173	+0.254	+0.252	+0.190	-0.671	+0.231	-0.665	-0.652	-0.652	+0.265	-0.665	-0.650	-0.663	-0.665	+0.272	-0.663	-0.652	-0.660	-0.664	+0.341	-0.664	-0.507	-0.535	-0.680	-0.548	-0.654	-0.637	-0.626	
rs13381361     -0.376	-0.362	-0.495	-0.487	-0.353	-0.446	-0.445	-0.361	-0.419	-0.296	-0.296	-0.297	-0.296	-0.296	-0.296	-0.296	-0.296	-0.296	-0.295	-0.295	-0.295	-0.501	-0.295	-0.295	-0.295	-0.203	-0.295	-0.293	-0.416	-0.389	-0.469	-0.479	-0.465	-0.360	-0.395	-0.474	-0.583	-0.583	-0.531	-0.537	-0.548	-0.539	-0.537	-0.537	-0.541	-0.538	-0.544	-0.538	-0.538	-0.495	-0.528	-0.545	-0.545	-0.549	-0.546	-0.546	-0.551	-0.547	-0.548	-0.549	-0.551	-0.552	-0.556	-0.535	-0.630	-0.442	-0.507	-0.444	-0.664	-0.440	-0.591	-0.657	-0.634	-0.643	-0.496	-0.659	-0.723	-0.650	-0.630	-0.299	-0.705	-0.513	-0.641	-0.628	-0.525	-0.523	-0.625	-0.483	-0.607	-0.592	-0.433	-0.584	-0.579	-0.605	-0.630	-0.631	-0.655	-0.497	-0.558	-0.559	-0.644	-0.659	-0.672	-0.671	-0.463	+0.081	-0.677	+0.102	-0.336	+0.103	-0.672	-0.673	-0.456	-0.670	-0.668	-0.575	+0.150	-0.671	+0.140	+0.141	+0.161	-0.675	+0.173	+0.254	+0.252	+0.190	-0.671	+0.231	-0.665	-0.652	-0.652	+0.265	-0.665	-0.650	-0.663	-0.665	+0.272	-0.663	-0.652	-0.660	-0.664	+0.341	-0.664	-0.507	-0.535	-0.680	-0.548	-0.654	-0.637	-0.626	
rs67250984     -0.376	-0.362	-0.495	-0.487	-0.353	-0.445	-0.445	-0.361	-0.419	-0.296	-0.296	-0.297	-0.296	-0.296	-0.295	-0.296	-0.296	-0.296	-0.295	-0.295	-0.295	-0.501	-0.295	-0.295	-0.295	-0.295	-0.203	-0.293	-0.416	-0.389	-0.469	-0.479	-0.465	-0.360	-0.395	-0.474	-0.583	-0.583	-0.531	-0.537	-0.548	-0.539	-0.537	-0.537	-0.541	-0.538	-0.544	-0.538	-0.538	-0.495	-0.528	-0.545	-0.545	-0.549	-0.546	-0.546	-0.551	-0.547	-0.548	-0.548	-0.551	-0.552	-0.556	-0.535	-0.630	-0.442	-0.507	-0.444	-0.664	-0.440	-0.591	-0.657	-0.634	-0.643	-0.496	-0.658	-0.722	-0.650	-0.630	-0.299	-0.704	-0.513	-0.640	-0.628	-0.525	-0.523	-0.625	-0.483	-0.607	-0.592	-0.432	-0.584	-0.579	-0.605	-0.630	-0.631	-0.655	-0.496	-0.558	-0.559	-0.644	-0.659	-0.672	-0.671	-0.463	+0.081	-0.677	+0.102	-0.336	+0.103	-0.672	-0.673	-0.456	-0.670	-0.668	-0.575	+0.151	-0.670	+0.140	+0.141	+0.161	-0.675	+0.174	+0.254	+0.252	+0.190	-0.671	+0.231	-0.665	-0.652	-0.652	+0.266	-0.665	-0.650	-0.663	-0.665	+0.272	-0.663	-0.652	-0.660	-0.664	+0.341	-0.664	-0.506	-0.535	-0.680	-0.548	-0.654	-0.637	-0.625	
rs67828662     -0.373	-0.357	-0.491	-0.483	-0.349	-0.443	-0.443	-0.356	-0.416	-0.294	-0.294	-0.295	-0.294	-0.294	-0.294	-0.294	-0.294	-0.294	-0.294	-0.293	-0.293	-0.498	-0.293	-0.293	-0.294	-0.293	-0.293	-0.200	-0.413	-0.385	-0.466	-0.476	-0.462	-0.357	-0.391	-0.471	-0.580	-0.580	-0.528	-0.533	-0.544	-0.536	-0.534	-0.534	-0.538	-0.535	-0.541	-0.535	-0.535	-0.492	-0.524	-0.542	-0.542	-0.545	-0.543	-0.543	-0.547	-0.544	-0.545	-0.545	-0.548	-0.549	-0.553	-0.532	-0.626	-0.439	-0.504	-0.441	-0.661	-0.437	-0.588	-0.654	-0.631	-0.640	-0.493	-0.655	-0.719	-0.647	-0.627	-0.295	-0.701	-0.510	-0.637	-0.625	-0.522	-0.519	-0.622	-0.480	-0.604	-0.589	-0.429	-0.581	-0.576	-0.602	-0.627	-0.628	-0.651	-0.493	-0.555	-0.556	-0.641	-0.656	-0.669	-0.668	-0.460	+0.085	-0.674	+0.105	-0.333	+0.107	-0.669	-0.670	-0.453	-0.667	-0.665	-0.572	+0.154	-0.667	+0.144	+0.145	+0.164	-0.672	+0.177	+0.257	+0.256	+0.194	-0.667	+0.235	-0.662	-0.649	-0.649	+0.269	-0.662	-0.647	-0.660	-0.662	+0.276	-0.660	-0.649	-0.657	-0.661	+0.345	-0.661	-0.503	-0.531	-0.677	-0.545	-0.651	-0.634	-0.622	
rs75398098     -0.357	-0.580	-0.657	-0.665	-0.554	-0.542	-0.542	-0.578	-0.376	-0.417	-0.417	-0.417	-0.417	-0.417	-0.416	-0.416	-0.416	-0.416	-0.416	-0.416	-0.416	-0.674	-0.416	-0.416	-0.416	-0.416	-0.416	-0.413	-0.273	-0.724	-0.385	-0.370	-0.388	-0.448	-0.603	-0.648	-0.656	-0.655	-0.614	-0.619	-0.627	-0.621	-0.619	-0.619	-0.622	-0.619	-0.625	-0.620	-0.620	-0.569	-0.611	-0.625	-0.625	-0.628	-0.626	-0.626	-0.630	-0.627	-0.627	-0.628	-0.630	-0.631	-0.634	-0.615	-0.687	-0.540	-0.565	-0.542	-0.726	-0.539	-0.659	-0.721	-0.697	-0.703	-0.583	-0.719	-0.786	-0.711	-0.696	-0.369	-0.761	-0.578	-0.700	-0.692	-0.589	-0.587	-0.688	-0.556	-0.670	-0.656	-0.506	-0.647	-0.643	-0.669	-0.693	-0.699	-0.720	-0.551	-0.603	-0.608	-0.692	-0.711	-0.752	-0.726	-0.522	+0.001	-0.735	+0.022	-0.405	+0.022	-0.727	-0.729	-0.499	-0.724	-0.722	-0.676	+0.069	-0.725	+0.059	+0.060	+0.079	-0.731	+0.092	+0.172	+0.171	+0.109	-0.725	+0.150	-0.718	-0.706	-0.706	+0.184	-0.718	-0.699	-0.716	-0.719	+0.192	-0.715	-0.701	-0.712	-0.716	+0.255	-0.717	-0.559	-0.610	-0.752	-0.623	-0.728	-0.712	-0.701	
rs579596       -0.688	-0.770	-0.881	-0.885	-0.779	-0.686	-0.686	-0.763	-0.727	-0.391	-0.390	-0.391	-0.390	-0.390	-0.390	-0.390	-0.390	-0.390	-0.390	-0.389	-0.390	-0.893	-0.389	-0.389	-0.389	-0.389	-0.389	-0.385	-0.724	-0.523	-0.772	-0.781	-0.769	-0.676	-0.825	-0.868	-0.884	-0.883	-0.843	-0.848	-0.856	-0.850	-0.848	-0.848	-0.851	-0.848	-0.853	-0.849	-0.849	-0.795	-0.840	-0.854	-0.854	-0.857	-0.855	-0.855	-0.859	-0.856	-0.856	-0.857	-0.859	-0.860	-0.863	-0.845	-0.914	-0.757	-0.802	-0.759	-0.952	-0.756	-0.886	-0.954	-0.925	-0.937	-0.805	-0.952	-1.011	-0.944	-0.922	-0.647	-0.994	-0.843	-0.934	-0.937	-0.851	-0.849	-0.924	-0.823	-0.907	-0.893	-0.778	-0.885	-0.881	-0.904	-0.928	-0.930	-0.953	-0.820	-0.834	-0.839	-0.929	-0.946	-0.977	-0.958	-0.757	-0.282	-0.965	-0.261	-0.610	-0.262	-0.959	-0.960	-0.733	-0.957	-0.955	-0.889	-0.217	-0.957	-0.227	-0.226	-0.208	-0.963	-0.196	-0.121	-0.122	-0.180	-0.958	-0.141	-0.951	-0.939	-0.939	-0.107	-0.952	-0.936	-0.949	-0.952	-0.100	-0.949	-0.937	-0.946	-0.950	-0.042	-0.951	-0.792	-0.852	-0.985	-0.864	-0.963	-0.949	-0.939	
rs7235689      -0.339	-0.639	-0.710	-0.717	-0.602	-0.570	-0.570	-0.636	-0.392	-0.470	-0.470	-0.470	-0.470	-0.470	-0.469	-0.469	-0.469	-0.469	-0.469	-0.469	-0.469	-0.726	-0.469	-0.469	-0.469	-0.469	-0.469	-0.466	-0.385	-0.772	-0.337	-0.449	-0.452	-0.480	-0.653	-0.701	-0.714	-0.713	-0.672	-0.676	-0.685	-0.678	-0.676	-0.676	-0.680	-0.677	-0.682	-0.677	-0.677	-0.626	-0.668	-0.683	-0.683	-0.686	-0.684	-0.684	-0.687	-0.685	-0.685	-0.686	-0.688	-0.688	-0.692	-0.673	-0.746	-0.596	-0.625	-0.598	-0.784	-0.595	-0.717	-0.779	-0.755	-0.761	-0.638	-0.777	-0.844	-0.769	-0.754	-0.433	-0.820	-0.641	-0.759	-0.753	-0.652	-0.650	-0.746	-0.619	-0.729	-0.714	-0.570	-0.706	-0.701	-0.727	-0.751	-0.756	-0.779	-0.615	-0.664	-0.668	-0.753	-0.772	-0.809	-0.786	-0.583	-0.067	-0.794	-0.046	-0.462	-0.045	-0.787	-0.788	-0.560	-0.784	-0.782	-0.730	+0.001	-0.785	-0.009	-0.009	+0.011	-0.791	+0.023	+0.102	+0.101	+0.040	-0.785	+0.080	-0.777	-0.766	-0.766	+0.116	-0.778	-0.760	-0.776	-0.778	+0.123	-0.776	-0.761	-0.772	-0.776	+0.185	-0.777	-0.620	-0.670	-0.810	-0.682	-0.786	-0.771	-0.760	
rs628016       -0.324	-0.650	-0.720	-0.727	-0.611	-0.574	-0.574	-0.647	-0.379	-0.480	-0.480	-0.480	-0.480	-0.480	-0.479	-0.479	-0.479	-0.479	-0.479	-0.479	-0.479	-0.736	-0.479	-0.479	-0.479	-0.479	-0.479	-0.476	-0.370	-0.781	-0.449	-0.349	-0.458	-0.485	-0.662	-0.710	-0.725	-0.724	-0.682	-0.687	-0.696	-0.689	-0.687	-0.687	-0.690	-0.688	-0.693	-0.688	-0.688	-0.637	-0.679	-0.693	-0.694	-0.697	-0.695	-0.695	-0.698	-0.696	-0.696	-0.696	-0.699	-0.699	-0.703	-0.684	-0.757	-0.607	-0.637	-0.608	-0.796	-0.605	-0.728	-0.790	-0.766	-0.772	-0.649	-0.788	-0.855	-0.780	-0.765	-0.446	-0.831	-0.654	-0.770	-0.764	-0.664	-0.662	-0.757	-0.631	-0.740	-0.725	-0.582	-0.717	-0.712	-0.738	-0.762	-0.767	-0.790	-0.627	-0.676	-0.680	-0.765	-0.783	-0.820	-0.797	-0.594	-0.080	-0.805	-0.059	-0.473	-0.058	-0.798	-0.800	-0.572	-0.795	-0.793	-0.741	-0.012	-0.796	-0.022	-0.022	-0.002	-0.802	+0.010	+0.089	+0.088	+0.027	-0.796	+0.067	-0.789	-0.777	-0.777	+0.102	-0.790	-0.771	-0.787	-0.790	+0.109	-0.787	-0.773	-0.783	-0.788	+0.172	-0.788	-0.632	-0.681	-0.822	-0.694	-0.797	-0.782	-0.771	
rs12456634     -0.327	-0.635	-0.707	-0.714	-0.599	-0.567	-0.567	-0.633	-0.395	-0.467	-0.466	-0.466	-0.466	-0.466	-0.466	-0.466	-0.466	-0.466	-0.466	-0.466	-0.466	-0.723	-0.466	-0.466	-0.466	-0.465	-0.465	-0.462	-0.388	-0.769	-0.452	-0.458	-0.333	-0.476	-0.650	-0.698	-0.710	-0.710	-0.668	-0.673	-0.682	-0.675	-0.673	-0.673	-0.676	-0.674	-0.679	-0.674	-0.674	-0.623	-0.665	-0.679	-0.679	-0.682	-0.680	-0.680	-0.684	-0.681	-0.682	-0.682	-0.684	-0.685	-0.688	-0.669	-0.743	-0.593	-0.622	-0.594	-0.781	-0.591	-0.714	-0.776	-0.752	-0.758	-0.635	-0.774	-0.841	-0.765	-0.751	-0.429	-0.816	-0.637	-0.755	-0.749	-0.648	-0.646	-0.743	-0.615	-0.725	-0.711	-0.566	-0.702	-0.698	-0.724	-0.748	-0.753	-0.776	-0.611	-0.661	-0.665	-0.750	-0.768	-0.806	-0.783	-0.579	-0.062	-0.791	-0.041	-0.459	-0.041	-0.784	-0.785	-0.557	-0.781	-0.779	-0.727	+0.006	-0.781	-0.004	-0.003	+0.016	-0.788	+0.029	+0.108	+0.107	+0.045	-0.782	+0.086	-0.774	-0.763	-0.763	+0.120	-0.775	-0.757	-0.772	-0.775	+0.127	-0.772	-0.758	-0.769	-0.773	+0.191	-0.774	-0.617	-0.666	-0.807	-0.679	-0.783	-0.767	-0.757	
rs76359337     -0.418	-0.533	-0.605	-0.612	-0.496	-0.490	-0.489	-0.531	-0.450	-0.361	-0.360	-0.360	-0.360	-0.360	-0.360	-0.360	-0.360	-0.360	-0.360	-0.360	-0.360	-0.622	-0.360	-0.360	-0.360	-0.360	-0.360	-0.357	-0.448	-0.676	-0.480	-0.485	-0.476	-0.216	-0.547	-0.596	-0.611	-0.611	-0.573	-0.577	-0.585	-0.579	-0.577	-0.577	-0.580	-0.578	-0.583	-0.578	-0.578	-0.529	-0.570	-0.583	-0.583	-0.586	-0.584	-0.584	-0.587	-0.585	-0.585	-0.586	-0.588	-0.589	-0.592	-0.575	-0.640	-0.491	-0.515	-0.493	-0.683	-0.490	-0.614	-0.674	-0.652	-0.657	-0.532	-0.673	-0.742	-0.665	-0.651	-0.313	-0.716	-0.529	-0.655	-0.644	-0.539	-0.537	-0.642	-0.506	-0.624	-0.609	-0.455	-0.601	-0.597	-0.623	-0.647	-0.648	-0.674	-0.507	-0.558	-0.563	-0.651	-0.669	-0.701	-0.683	-0.474	+0.058	-0.692	+0.079	-0.360	+0.079	-0.684	-0.686	-0.453	-0.682	-0.680	-0.627	+0.127	-0.682	+0.117	+0.117	+0.137	-0.688	+0.150	+0.231	+0.230	+0.167	-0.683	+0.208	-0.675	-0.663	-0.664	+0.244	-0.676	-0.658	-0.673	-0.676	+0.251	-0.673	-0.659	-0.670	-0.674	+0.316	-0.675	-0.511	-0.565	-0.707	-0.578	-0.682	-0.666	-0.656	
rs17740112     -0.564	-0.671	-0.684	-0.629	-0.579	-0.627	-0.626	-0.667	-0.605	-0.397	-0.396	-0.395	-0.396	-0.396	-0.396	-0.396	-0.396	-0.396	-0.395	-0.395	-0.395	-0.621	-0.395	-0.395	-0.395	-0.395	-0.395	-0.391	-0.603	-0.825	-0.653	-0.662	-0.650	-0.547	-0.395	-0.564	-0.763	-0.762	-0.719	-0.724	-0.733	-0.726	-0.724	-0.724	-0.728	-0.725	-0.730	-0.725	-0.725	-0.669	-0.716	-0.730	-0.731	-0.734	-0.731	-0.732	-0.735	-0.733	-0.733	-0.734	-0.736	-0.736	-0.740	-0.721	-0.794	-0.634	-0.681	-0.636	-0.828	-0.633	-0.766	-0.828	-0.805	-0.805	-0.676	-0.821	-0.893	-0.813	-0.803	-0.503	-0.870	-0.702	-0.802	-0.809	-0.715	-0.713	-0.791	-0.684	-0.773	-0.757	-0.637	-0.749	-0.745	-0.770	-0.795	-0.800	-0.834	-0.691	-0.725	-0.726	-0.813	-0.828	-0.859	-0.840	-0.633	-0.175	-0.846	-0.156	-0.485	-0.155	-0.841	-0.842	-0.627	-0.839	-0.837	-0.771	-0.112	-0.839	-0.121	-0.120	-0.103	-0.844	-0.090	-0.015	-0.017	-0.075	-0.839	-0.037	-0.833	-0.821	-0.821	-0.004	-0.834	-0.818	-0.832	-0.834	+0.003	-0.832	-0.820	-0.829	-0.832	+0.066	-0.833	-0.683	-0.731	-0.862	-0.743	-0.839	-0.824	-0.813	
rs17672620     -0.609	-0.733	-0.745	-0.703	-0.586	-0.661	-0.660	-0.729	-0.651	-0.476	-0.475	-0.475	-0.475	-0.475	-0.475	-0.475	-0.475	-0.475	-0.475	-0.474	-0.474	-0.706	-0.474	-0.474	-0.474	-0.474	-0.474	-0.471	-0.648	-0.868	-0.701	-0.710	-0.698	-0.596	-0.564	-0.457	-0.821	-0.820	-0.776	-0.781	-0.790	-0.783	-0.781	-0.781	-0.784	-0.782	-0.787	-0.782	-0.782	-0.726	-0.772	-0.787	-0.788	-0.791	-0.789	-0.789	-0.792	-0.790	-0.790	-0.791	-0.793	-0.794	-0.797	-0.778	-0.854	-0.693	-0.741	-0.695	-0.886	-0.692	-0.824	-0.885	-0.864	-0.863	-0.733	-0.879	-0.951	-0.871	-0.862	-0.568	-0.931	-0.767	-0.860	-0.870	-0.779	-0.777	-0.848	-0.748	-0.830	-0.815	-0.701	-0.807	-0.802	-0.828	-0.853	-0.857	-0.894	-0.748	-0.783	-0.785	-0.869	-0.885	-0.919	-0.898	-0.693	-0.229	-0.904	-0.210	-0.545	-0.209	-0.898	-0.900	-0.685	-0.896	-0.895	-0.829	-0.165	-0.897	-0.175	-0.174	-0.156	-0.902	-0.144	-0.069	-0.070	-0.128	-0.897	-0.090	-0.891	-0.878	-0.879	-0.057	-0.891	-0.875	-0.889	-0.891	-0.051	-0.889	-0.876	-0.886	-0.890	+0.012	-0.890	-0.741	-0.787	-0.920	-0.799	-0.896	-0.881	-0.871	
rs12968137     -0.613	-0.786	-0.832	-0.836	-0.703	-0.636	-0.636	-0.783	-0.659	-0.585	-0.584	-0.584	-0.584	-0.584	-0.584	-0.584	-0.584	-0.584	-0.584	-0.584	-0.584	-0.847	-0.584	-0.584	-0.584	-0.583	-0.583	-0.580	-0.656	-0.884	-0.714	-0.725	-0.710	-0.611	-0.763	-0.821	-0.502	-0.626	-0.532	-0.565	-0.599	-0.574	-0.567	-0.572	-0.582	-0.574	-0.592	-0.563	-0.564	-0.523	-0.542	-0.588	-0.589	-0.600	-0.593	-0.594	-0.606	-0.598	-0.599	-0.601	-0.609	-0.611	-0.623	-0.621	-0.781	-0.734	-0.730	-0.735	-0.879	-0.732	-0.744	-0.926	-0.906	-0.909	-0.763	-0.925	-0.994	-0.917	-0.903	-0.609	-0.973	-0.812	-0.906	-0.911	-0.820	-0.818	-0.894	-0.788	-0.876	-0.861	-0.741	-0.853	-0.848	-0.874	-0.899	-0.900	-0.936	-0.801	-0.830	-0.832	-0.921	-0.934	-0.953	-0.943	-0.739	-0.274	-0.948	-0.254	-0.603	-0.254	-0.944	-0.946	-0.732	-0.943	-0.942	-0.864	-0.209	-0.944	-0.219	-0.218	-0.200	-0.947	-0.188	-0.112	-0.114	-0.172	-0.944	-0.133	-0.939	-0.926	-0.926	-0.101	-0.939	-0.926	-0.937	-0.939	-0.094	-0.938	-0.928	-0.935	-0.938	-0.033	-0.938	-0.779	-0.834	-0.964	-0.846	-0.941	-0.926	-0.916	
