## Summary of overall evidence for association with region:
## log10(BF for region) = -0.502204
## p-value for region = NA

## BFs for choosing among multi-SNP models:
## log10(average 1-SNP BF) = -0.425689
## log10(average 2-SNP BF) = -0.713547

## Example posterior probabilities for multi-SNP models, based on default prior: [p(l) propto 0.5^l for l=1,2,...,L]
## posterior probability of 1-SNP = 0.795103
## posterior probability of 2-SNP = 0.204897

## log10(BF) for single SNP and pair of SNPs:
rs12817528     -0.345	-0.189	-0.643	-0.573	-0.750	-0.492	-0.709	-0.801	-0.804	-0.727	-0.665	-0.667	-0.662	-0.650	-0.661	-0.801	-0.661	-0.656	-0.802	-0.659	-0.657	-0.669	-0.660	-0.666	-0.672	-0.671	-0.666	-0.669	-0.668	-0.632	-0.670	-0.670	-0.667	-0.676	-0.790	-0.697	-0.633	-0.573	-0.744	-0.703	-0.545	-0.703	-0.703	-0.703	-0.795	-0.750	-0.649	-0.649	-0.647	-0.650	-0.651	-0.683	-0.653	-0.548	-0.636	-0.656	-0.658	-0.705	-0.561	-0.695	-0.400	-0.410	-0.624	-0.566	-0.376	-0.355	-0.375	-0.396	-0.417	-0.716	-0.427	-0.393	-0.386	-0.428	-0.651	-0.816	-0.589	-0.572	-0.567	-0.830	-0.646	-0.847	-0.646	-0.761	-0.848	-0.848	-0.646	-0.849	-0.838	-0.832	-0.833	-0.498	-0.646	-0.651	-0.849	-0.851	-0.671	-0.846	-0.711	-0.611	-0.647	-0.607	-0.642	-0.843	-0.846	-0.642	-0.645	-0.621	-0.852	-0.676	-0.777	-0.615	-0.664	-0.671	-0.575	-0.574	-0.567	-0.575	-0.601	-0.599	-0.599	-0.599	-0.649	-0.600	-0.602	-0.600	-0.600	-0.669	-0.601	-0.602	-0.593	-0.669	-0.593	-0.605	-0.711	-0.667	-0.678	-0.807	-0.683	-0.682	-0.298	-0.854	-0.854	-0.570	-0.845	-0.852	-0.852	-0.832	-0.557	-0.695	-0.499	-0.127	-0.754	-0.765	-0.856	-0.855	-0.855	-0.683	-0.663	-0.671	-0.676	-0.657	-0.657	-0.843	-0.658	-0.702	-0.680	-0.849	-0.846	-0.681	-0.628	-0.664	-0.682	-0.632	-0.615	-0.635	-0.659	-0.837	-0.561	-0.544	-0.628	-0.628	-0.618	-0.563	-0.684	-0.547	-0.603	-0.617	-0.604	-0.604	-0.598	-0.626	-0.598	-0.606	-0.513	
rs75608497     -0.189	+0.167	+0.144	-0.238	-0.379	-0.145	-0.371	-0.182	-0.189	-0.375	-0.357	-0.358	-0.313	-0.314	-0.314	-0.183	-0.313	-0.314	-0.322	-0.314	-0.315	-0.318	-0.315	-0.315	-0.318	-0.319	-0.315	-0.314	-0.314	-0.198	-0.314	-0.314	-0.314	-0.313	-0.171	-0.248	-0.198	-0.148	-0.378	-0.295	-0.098	-0.296	-0.294	-0.293	-0.254	-0.140	-0.212	-0.212	-0.211	-0.212	-0.213	-0.240	-0.215	-0.256	-0.169	-0.218	-0.298	-0.239	-0.162	-0.269	+0.088	+0.077	-0.181	-0.002	+0.088	+0.116	+0.096	+0.066	+0.052	-0.259	+0.035	+0.069	+0.075	+0.033	-0.187	-0.342	-0.152	-0.138	-0.133	-0.291	-0.184	-0.333	-0.184	-0.352	-0.337	-0.336	-0.184	-0.342	-0.318	-0.301	-0.301	-0.074	-0.184	-0.185	-0.344	-0.353	-0.252	-0.335	-0.246	-0.105	-0.184	-0.087	-0.183	-0.328	-0.329	-0.183	-0.183	-0.107	-0.362	-0.210	-0.357	-0.112	-0.268	-0.207	-0.065	-0.064	-0.055	-0.065	-0.178	-0.177	-0.177	-0.177	-0.214	-0.177	-0.179	-0.177	-0.177	-0.201	-0.178	-0.179	-0.172	-0.229	-0.171	-0.182	-0.293	-0.199	-0.195	-0.376	-0.278	-0.212	-0.022	-0.374	-0.374	-0.058	-0.382	-0.377	-0.377	-0.384	-0.042	-0.227	+0.008	+0.139	-0.264	-0.354	-0.367	-0.371	-0.371	-0.213	-0.260	-0.265	-0.206	-0.257	-0.257	-0.379	-0.257	-0.229	-0.270	-0.374	-0.378	-0.212	-0.152	-0.278	-0.213	-0.259	-0.245	-0.258	-0.275	-0.382	-0.216	-0.204	-0.152	-0.152	-0.136	-0.217	-0.216	-0.205	-0.118	-0.259	-0.118	-0.118	-0.111	-0.149	-0.112	-0.121	-0.180	
rs10841035     -0.643	+0.144	-0.353	-0.693	-0.804	-0.465	-0.763	-0.797	-0.799	-0.788	-0.727	-0.729	-0.778	-0.780	-0.778	-0.799	-0.778	-0.779	-0.746	-0.779	-0.780	-0.783	-0.780	-0.779	-0.783	-0.784	-0.779	-0.778	-0.779	-0.505	-0.778	-0.778	-0.779	-0.776	-0.797	-0.626	-0.506	-0.421	-0.801	-0.750	-0.457	-0.752	-0.749	-0.748	-0.804	-0.779	-0.534	-0.535	-0.532	-0.535	-0.537	-0.592	-0.541	-0.665	-0.635	-0.546	-0.664	-0.667	-0.503	-0.777	-0.346	-0.357	-0.582	-0.708	-0.315	-0.283	-0.306	-0.339	-0.353	-0.718	-0.373	-0.336	-0.329	-0.374	-0.659	-0.790	-0.524	-0.504	-0.496	-0.831	-0.625	-0.850	-0.625	-0.757	-0.852	-0.851	-0.625	-0.852	-0.838	-0.830	-0.834	-0.415	-0.626	-0.635	-0.853	-0.855	-0.683	-0.849	-0.707	-0.635	-0.627	-0.627	-0.618	-0.846	-0.848	-0.617	-0.623	-0.641	-0.856	-0.669	-0.778	-0.641	-0.666	-0.704	-0.582	-0.581	-0.574	-0.582	-0.557	-0.555	-0.555	-0.555	-0.610	-0.556	-0.558	-0.556	-0.556	-0.675	-0.557	-0.558	-0.548	-0.631	-0.548	-0.562	-0.740	-0.674	-0.710	-0.800	-0.715	-0.701	-0.441	-0.858	-0.858	-0.577	-0.847	-0.854	-0.855	-0.831	-0.564	-0.704	-0.527	-0.278	-0.779	-0.765	-0.860	-0.859	-0.858	-0.690	-0.714	-0.719	-0.689	-0.709	-0.709	-0.845	-0.709	-0.707	-0.725	-0.851	-0.850	-0.690	-0.635	-0.730	-0.690	-0.707	-0.692	-0.706	-0.726	-0.839	-0.661	-0.648	-0.635	-0.635	-0.637	-0.662	-0.690	-0.650	-0.625	-0.705	-0.625	-0.625	-0.621	-0.634	-0.620	-0.627	-0.619	
rs147138755    -0.573	-0.238	-0.693	-0.414	-0.816	-0.564	-0.774	-0.862	-0.865	-0.791	-0.729	-0.731	-0.699	-0.685	-0.697	-0.862	-0.697	-0.691	-0.866	-0.695	-0.693	-0.708	-0.696	-0.702	-0.711	-0.710	-0.703	-0.706	-0.704	-0.694	-0.707	-0.707	-0.703	-0.713	-0.851	-0.759	-0.695	-0.635	-0.821	-0.754	-0.601	-0.754	-0.754	-0.754	-0.855	-0.806	-0.711	-0.711	-0.709	-0.712	-0.713	-0.746	-0.715	-0.637	-0.700	-0.718	-0.737	-0.768	-0.623	-0.750	-0.453	-0.464	-0.686	-0.635	-0.429	-0.407	-0.428	-0.450	-0.470	-0.780	-0.481	-0.447	-0.440	-0.482	-0.715	-0.885	-0.651	-0.634	-0.629	-0.898	-0.710	-0.913	-0.710	-0.820	-0.914	-0.914	-0.710	-0.915	-0.904	-0.899	-0.901	-0.560	-0.710	-0.715	-0.915	-0.916	-0.729	-0.912	-0.776	-0.678	-0.711	-0.674	-0.706	-0.910	-0.912	-0.705	-0.709	-0.688	-0.917	-0.740	-0.838	-0.682	-0.722	-0.742	-0.640	-0.639	-0.632	-0.640	-0.663	-0.661	-0.661	-0.662	-0.711	-0.662	-0.664	-0.662	-0.662	-0.734	-0.663	-0.664	-0.656	-0.732	-0.655	-0.667	-0.778	-0.733	-0.747	-0.867	-0.748	-0.750	-0.376	-0.918	-0.918	-0.635	-0.908	-0.915	-0.915	-0.894	-0.622	-0.761	-0.572	-0.208	-0.822	-0.825	-0.920	-0.919	-0.919	-0.748	-0.732	-0.740	-0.743	-0.726	-0.726	-0.907	-0.727	-0.767	-0.748	-0.913	-0.910	-0.747	-0.693	-0.734	-0.748	-0.703	-0.687	-0.707	-0.729	-0.901	-0.635	-0.617	-0.693	-0.693	-0.684	-0.636	-0.750	-0.621	-0.670	-0.689	-0.670	-0.670	-0.665	-0.692	-0.665	-0.672	-0.588	
rs7970632      -0.750	-0.379	-0.804	-0.816	-0.639	-0.810	-0.857	-1.000	-1.002	-0.802	-0.813	-0.817	-0.948	-0.960	-0.951	-1.000	-0.951	-0.957	-1.058	-0.955	-0.957	-0.955	-0.957	-0.952	-0.955	-0.958	-0.952	-0.949	-0.951	-0.815	-0.948	-0.949	-0.953	-0.942	-0.986	-0.885	-0.817	-0.739	-0.870	-0.892	-0.721	-0.895	-0.888	-0.888	-1.019	-0.931	-0.841	-0.841	-0.839	-0.842	-0.843	-0.890	-0.847	-0.781	-0.897	-0.851	-0.865	-0.943	-0.789	-1.032	-0.600	-0.612	-0.862	-0.893	-0.577	-0.548	-0.571	-0.600	-0.618	-0.998	-0.634	-0.597	-0.590	-0.636	-0.926	-1.098	-0.881	-0.866	-0.861	-1.119	-0.927	-1.130	-0.927	-1.021	-1.131	-1.130	-0.927	-1.131	-1.124	-1.120	-1.121	-0.799	-0.927	-0.930	-1.130	-1.130	-0.913	-1.129	-0.988	-0.893	-0.927	-0.886	-0.923	-1.127	-1.129	-0.923	-0.925	-0.901	-1.128	-0.956	-1.042	-0.898	-0.903	-0.975	-0.856	-0.856	-0.849	-0.856	-0.867	-0.866	-0.866	-0.866	-0.915	-0.866	-0.868	-0.867	-0.867	-0.952	-0.867	-0.869	-0.859	-0.936	-0.859	-0.872	-1.000	-0.951	-0.973	-1.057	-0.964	-0.971	-0.665	-1.126	-1.126	-0.851	-1.113	-1.122	-1.123	-1.097	-0.838	-0.978	-0.799	-0.506	-1.045	-1.023	-1.130	-1.128	-1.127	-0.966	-0.975	-0.981	-0.962	-0.970	-0.970	-1.117	-0.971	-0.979	-0.987	-1.123	-1.121	-0.965	-0.907	-0.984	-0.966	-0.958	-0.944	-0.960	-0.980	-1.111	-0.903	-0.889	-0.907	-0.907	-0.908	-0.904	-0.967	-0.891	-0.896	-0.950	-0.896	-0.896	-0.891	-0.906	-0.891	-0.898	-0.861	
rs12315677     -0.492	-0.145	-0.465	-0.564	-0.810	-0.322	-0.811	-0.479	-0.485	-0.816	-0.811	-0.811	-0.719	-0.730	-0.721	-0.487	-0.721	-0.727	-0.666	-0.724	-0.726	-0.728	-0.726	-0.721	-0.727	-0.729	-0.721	-0.719	-0.720	-0.610	-0.717	-0.718	-0.721	-0.712	-0.472	-0.676	-0.611	-0.549	-0.815	-0.658	-0.514	-0.661	-0.655	-0.654	-0.499	-0.385	-0.627	-0.627	-0.625	-0.628	-0.629	-0.664	-0.631	-0.757	-0.604	-0.634	-0.764	-0.686	-0.538	-0.742	-0.254	-0.267	-0.600	-0.571	-0.233	-0.208	-0.232	-0.258	-0.283	-0.699	-0.295	-0.254	-0.247	-0.297	-0.626	-0.826	-0.562	-0.545	-0.539	-0.833	-0.625	-0.837	-0.625	-0.684	-0.837	-0.836	-0.625	-0.836	-0.834	-0.833	-0.834	-0.468	-0.625	-0.631	-0.835	-0.833	-0.589	-0.836	-0.688	-0.611	-0.626	-0.607	-0.620	-0.835	-0.835	-0.620	-0.623	-0.621	-0.827	-0.657	-0.718	-0.615	-0.557	-0.695	-0.577	-0.576	-0.570	-0.577	-0.528	-0.526	-0.526	-0.526	-0.587	-0.527	-0.529	-0.527	-0.527	-0.655	-0.528	-0.530	-0.519	-0.612	-0.519	-0.533	-0.698	-0.654	-0.687	-0.719	-0.659	-0.678	-0.358	-0.814	-0.814	-0.571	-0.796	-0.809	-0.810	-0.773	-0.560	-0.682	-0.524	-0.204	-0.759	-0.681	-0.823	-0.819	-0.818	-0.670	-0.668	-0.675	-0.668	-0.662	-0.662	-0.807	-0.663	-0.684	-0.682	-0.817	-0.810	-0.670	-0.612	-0.681	-0.670	-0.654	-0.639	-0.656	-0.676	-0.799	-0.593	-0.578	-0.611	-0.612	-0.618	-0.594	-0.670	-0.580	-0.608	-0.642	-0.608	-0.608	-0.604	-0.611	-0.604	-0.610	-0.549	
rs1447413      -0.709	-0.371	-0.763	-0.774	-0.857	-0.811	-0.629	-0.984	-0.986	-0.851	-0.698	-0.718	-0.914	-0.929	-0.918	-0.983	-0.918	-0.925	-1.051	-0.922	-0.925	-0.932	-0.924	-0.918	-0.931	-0.934	-0.919	-0.915	-0.917	-0.817	-0.914	-0.915	-0.919	-0.907	-0.970	-0.908	-0.819	-0.744	-0.908	-0.860	-0.724	-0.863	-0.856	-0.855	-1.005	-0.912	-0.842	-0.842	-0.840	-0.843	-0.844	-0.888	-0.848	-0.792	-0.893	-0.852	-0.861	-0.935	-0.774	-1.022	-0.597	-0.609	-0.848	-0.901	-0.574	-0.546	-0.569	-0.597	-0.615	-0.989	-0.631	-0.594	-0.587	-0.632	-0.916	-1.087	-0.874	-0.859	-0.854	-1.111	-0.918	-1.121	-0.918	-1.013	-1.122	-1.121	-0.918	-1.122	-1.115	-1.111	-1.113	-0.792	-0.918	-0.921	-1.121	-1.121	-0.904	-1.120	-0.979	-0.885	-0.918	-0.878	-0.915	-1.118	-1.120	-0.914	-0.916	-0.893	-1.119	-0.947	-1.034	-0.891	-0.895	-0.969	-0.850	-0.849	-0.843	-0.850	-0.860	-0.859	-0.859	-0.859	-0.908	-0.859	-0.861	-0.860	-0.860	-0.943	-0.860	-0.862	-0.853	-0.928	-0.852	-0.865	-0.992	-0.942	-0.965	-1.047	-0.957	-0.962	-0.662	-1.117	-1.117	-0.845	-1.104	-1.113	-1.113	-1.087	-0.832	-0.969	-0.794	-0.503	-1.037	-1.014	-1.121	-1.119	-1.119	-0.957	-0.967	-0.974	-0.953	-0.962	-0.962	-1.108	-0.963	-0.970	-0.980	-1.114	-1.112	-0.956	-0.898	-0.976	-0.957	-0.952	-0.937	-0.953	-0.972	-1.102	-0.898	-0.884	-0.898	-0.898	-0.900	-0.899	-0.958	-0.886	-0.888	-0.944	-0.888	-0.888	-0.884	-0.897	-0.884	-0.890	-0.855	
rs10505823     -0.801	-0.182	-0.797	-0.862	-1.000	-0.479	-0.984	-0.573	-0.727	-0.986	-0.953	-0.955	-0.974	-0.978	-0.975	-0.753	-0.975	-0.977	-0.717	-0.977	-0.977	-0.980	-0.977	-0.976	-0.980	-0.981	-0.976	-0.975	-0.975	-0.760	-0.974	-0.975	-0.976	-0.972	-0.786	-0.838	-0.762	-0.685	-0.997	-0.944	-0.685	-0.946	-0.942	-0.942	-0.894	-0.800	-0.785	-0.785	-0.783	-0.786	-0.787	-0.836	-0.791	-0.814	-0.850	-0.795	-0.890	-0.893	-0.701	-0.988	-0.578	-0.588	-0.783	-0.886	-0.551	-0.525	-0.547	-0.574	-0.592	-0.937	-0.606	-0.570	-0.564	-0.607	-0.867	-1.038	-0.827	-0.813	-0.808	-1.055	-0.865	-1.066	-0.865	-0.974	-1.067	-1.067	-0.865	-1.067	-1.061	-1.056	-1.057	-0.748	-0.865	-0.867	-1.067	-1.068	-0.862	-1.066	-0.921	-0.839	-0.865	-0.832	-0.862	-1.064	-1.066	-0.862	-0.864	-0.846	-1.066	-0.891	-0.993	-0.844	-0.857	-0.916	-0.796	-0.796	-0.789	-0.796	-0.821	-0.820	-0.820	-0.820	-0.865	-0.820	-0.822	-0.821	-0.821	-0.887	-0.821	-0.823	-0.814	-0.884	-0.814	-0.825	-0.935	-0.885	-0.898	-1.010	-0.911	-0.903	-0.623	-1.064	-1.065	-0.791	-1.055	-1.062	-1.063	-1.042	-0.778	-0.913	-0.741	-0.466	-0.978	-0.976	-1.066	-1.065	-1.065	-0.901	-0.919	-0.925	-0.897	-0.914	-0.914	-1.057	-0.915	-0.916	-0.931	-1.061	-1.060	-0.900	-0.845	-0.929	-0.900	-0.905	-0.890	-0.906	-0.926	-1.052	-0.855	-0.841	-0.845	-0.845	-0.846	-0.856	-0.902	-0.843	-0.835	-0.898	-0.835	-0.835	-0.830	-0.844	-0.830	-0.837	-0.813	
rs7974232      -0.804	-0.189	-0.799	-0.865	-1.002	-0.485	-0.986	-0.727	-0.576	-0.988	-0.956	-0.958	-0.977	-0.981	-0.978	-0.743	-0.978	-0.980	-0.722	-0.979	-0.980	-0.983	-0.980	-0.979	-0.983	-0.984	-0.979	-0.978	-0.978	-0.761	-0.977	-0.977	-0.979	-0.975	-0.781	-0.840	-0.763	-0.685	-0.999	-0.947	-0.687	-0.948	-0.945	-0.944	-0.896	-0.796	-0.787	-0.787	-0.784	-0.787	-0.789	-0.838	-0.792	-0.815	-0.853	-0.797	-0.892	-0.895	-0.705	-0.991	-0.580	-0.591	-0.786	-0.888	-0.554	-0.528	-0.549	-0.576	-0.594	-0.940	-0.608	-0.573	-0.566	-0.610	-0.870	-1.041	-0.830	-0.816	-0.811	-1.058	-0.868	-1.069	-0.868	-0.977	-1.070	-1.070	-0.868	-1.070	-1.064	-1.059	-1.060	-0.751	-0.868	-0.870	-1.070	-1.071	-0.864	-1.069	-0.923	-0.842	-0.868	-0.835	-0.865	-1.067	-1.069	-0.865	-0.867	-0.849	-1.069	-0.894	-0.995	-0.847	-0.860	-0.919	-0.799	-0.799	-0.792	-0.799	-0.824	-0.822	-0.822	-0.822	-0.868	-0.823	-0.825	-0.823	-0.823	-0.890	-0.824	-0.825	-0.817	-0.887	-0.816	-0.828	-0.938	-0.888	-0.902	-1.012	-0.914	-0.906	-0.626	-1.067	-1.068	-0.794	-1.058	-1.065	-1.065	-1.045	-0.781	-0.916	-0.744	-0.468	-0.981	-0.978	-1.069	-1.068	-1.068	-0.904	-0.922	-0.928	-0.900	-0.917	-0.917	-1.059	-0.918	-0.919	-0.934	-1.064	-1.063	-0.903	-0.848	-0.932	-0.903	-0.908	-0.893	-0.909	-0.928	-1.055	-0.858	-0.844	-0.848	-0.848	-0.849	-0.859	-0.905	-0.846	-0.838	-0.901	-0.838	-0.838	-0.833	-0.847	-0.833	-0.840	-0.816	
rs11044163     -0.727	-0.375	-0.788	-0.791	-0.802	-0.816	-0.851	-0.986	-0.988	-0.635	-0.822	-0.826	-0.929	-0.943	-0.932	-0.985	-0.932	-0.939	-1.055	-0.936	-0.939	-0.945	-0.939	-0.933	-0.944	-0.948	-0.933	-0.929	-0.932	-0.827	-0.928	-0.930	-0.934	-0.921	-0.972	-0.900	-0.829	-0.754	-0.879	-0.875	-0.733	-0.878	-0.872	-0.871	-1.008	-0.913	-0.851	-0.851	-0.849	-0.852	-0.853	-0.897	-0.857	-0.824	-0.890	-0.861	-0.882	-0.943	-0.779	-1.030	-0.588	-0.600	-0.853	-0.903	-0.566	-0.536	-0.559	-0.589	-0.606	-0.994	-0.624	-0.586	-0.579	-0.626	-0.922	-1.097	-0.879	-0.864	-0.859	-1.116	-0.923	-1.127	-0.923	-1.018	-1.128	-1.127	-0.923	-1.128	-1.121	-1.117	-1.118	-0.797	-0.924	-0.927	-1.127	-1.127	-0.910	-1.126	-0.985	-0.891	-0.924	-0.884	-0.920	-1.124	-1.126	-0.920	-0.922	-0.898	-1.125	-0.952	-1.039	-0.896	-0.898	-0.974	-0.856	-0.855	-0.848	-0.856	-0.864	-0.863	-0.863	-0.863	-0.912	-0.864	-0.866	-0.864	-0.864	-0.949	-0.865	-0.866	-0.857	-0.933	-0.857	-0.869	-0.997	-0.947	-0.971	-1.051	-0.962	-0.968	-0.671	-1.122	-1.122	-0.850	-1.109	-1.118	-1.119	-1.092	-0.838	-0.975	-0.800	-0.512	-1.043	-1.018	-1.126	-1.124	-1.124	-0.963	-0.973	-0.979	-0.959	-0.968	-0.968	-1.113	-0.969	-0.975	-0.985	-1.120	-1.118	-0.962	-0.904	-0.982	-0.962	-0.958	-0.943	-0.958	-0.978	-1.108	-0.904	-0.890	-0.904	-0.904	-0.905	-0.905	-0.963	-0.892	-0.894	-0.951	-0.894	-0.894	-0.889	-0.903	-0.889	-0.896	-0.861	
rs11044164     -0.665	-0.357	-0.727	-0.729	-0.813	-0.811	-0.698	-0.953	-0.956	-0.822	-0.616	-0.757	-0.876	-0.894	-0.880	-0.953	-0.880	-0.889	-1.037	-0.886	-0.889	-0.897	-0.889	-0.881	-0.895	-0.900	-0.881	-0.877	-0.880	-0.828	-0.876	-0.877	-0.882	-0.868	-0.938	-0.910	-0.829	-0.760	-0.883	-0.814	-0.736	-0.818	-0.810	-0.809	-0.980	-0.877	-0.850	-0.850	-0.848	-0.851	-0.852	-0.891	-0.855	-0.832	-0.877	-0.858	-0.882	-0.926	-0.750	-1.011	-0.579	-0.590	-0.826	-0.904	-0.557	-0.528	-0.550	-0.580	-0.597	-0.976	-0.614	-0.577	-0.570	-0.615	-0.902	-1.078	-0.864	-0.850	-0.845	-1.098	-0.905	-1.108	-0.905	-1.001	-1.109	-1.108	-0.905	-1.109	-1.103	-1.099	-1.100	-0.784	-0.905	-0.908	-1.108	-1.108	-0.891	-1.107	-0.966	-0.873	-0.906	-0.866	-0.902	-1.105	-1.107	-0.902	-0.904	-0.881	-1.105	-0.934	-1.022	-0.879	-0.880	-0.958	-0.841	-0.841	-0.834	-0.841	-0.850	-0.848	-0.848	-0.849	-0.896	-0.849	-0.851	-0.849	-0.849	-0.930	-0.850	-0.851	-0.842	-0.917	-0.842	-0.854	-0.979	-0.928	-0.953	-1.031	-0.947	-0.949	-0.664	-1.103	-1.103	-0.836	-1.090	-1.100	-1.100	-1.073	-0.824	-0.956	-0.787	-0.505	-1.025	-0.999	-1.108	-1.106	-1.105	-0.944	-0.957	-0.963	-0.940	-0.952	-0.952	-1.095	-0.953	-0.956	-0.969	-1.101	-1.100	-0.943	-0.885	-0.967	-0.943	-0.943	-0.928	-0.944	-0.963	-1.089	-0.891	-0.877	-0.885	-0.885	-0.888	-0.892	-0.945	-0.879	-0.877	-0.937	-0.877	-0.877	-0.873	-0.884	-0.873	-0.879	-0.849	
rs11044165     -0.667	-0.358	-0.729	-0.731	-0.817	-0.811	-0.718	-0.955	-0.958	-0.826	-0.757	-0.617	-0.878	-0.896	-0.882	-0.954	-0.883	-0.892	-1.038	-0.888	-0.891	-0.899	-0.891	-0.883	-0.898	-0.902	-0.883	-0.879	-0.882	-0.828	-0.878	-0.879	-0.885	-0.870	-0.940	-0.911	-0.830	-0.761	-0.886	-0.816	-0.737	-0.820	-0.812	-0.811	-0.982	-0.879	-0.851	-0.851	-0.849	-0.852	-0.853	-0.892	-0.856	-0.833	-0.878	-0.859	-0.883	-0.928	-0.751	-1.012	-0.580	-0.592	-0.827	-0.905	-0.558	-0.529	-0.551	-0.581	-0.598	-0.977	-0.615	-0.578	-0.571	-0.617	-0.903	-1.079	-0.865	-0.851	-0.846	-1.099	-0.906	-1.109	-0.906	-1.002	-1.110	-1.110	-0.906	-1.110	-1.104	-1.100	-1.101	-0.785	-0.906	-0.909	-1.109	-1.109	-0.892	-1.108	-0.967	-0.874	-0.907	-0.867	-0.903	-1.106	-1.108	-0.903	-0.905	-0.882	-1.106	-0.935	-1.023	-0.880	-0.881	-0.959	-0.842	-0.842	-0.835	-0.842	-0.851	-0.850	-0.850	-0.850	-0.898	-0.850	-0.852	-0.851	-0.851	-0.931	-0.851	-0.853	-0.844	-0.918	-0.843	-0.855	-0.980	-0.930	-0.954	-1.032	-0.948	-0.950	-0.665	-1.104	-1.104	-0.837	-1.092	-1.101	-1.101	-1.074	-0.825	-0.957	-0.788	-0.506	-1.026	-1.001	-1.109	-1.107	-1.106	-0.945	-0.958	-0.964	-0.942	-0.953	-0.953	-1.096	-0.954	-0.957	-0.970	-1.102	-1.101	-0.944	-0.886	-0.968	-0.945	-0.944	-0.929	-0.945	-0.964	-1.091	-0.892	-0.878	-0.886	-0.886	-0.889	-0.893	-0.946	-0.880	-0.878	-0.938	-0.878	-0.878	-0.874	-0.885	-0.874	-0.880	-0.850	
rs12580622     -0.662	-0.313	-0.778	-0.699	-0.948	-0.719	-0.914	-0.974	-0.977	-0.929	-0.876	-0.878	-0.556	-0.682	-0.685	-0.974	-0.688	-0.686	-0.993	-0.689	-0.689	-0.730	-0.694	-0.696	-0.732	-0.736	-0.698	-0.698	-0.700	-0.803	-0.700	-0.704	-0.706	-0.702	-0.962	-0.873	-0.804	-0.739	-0.948	-0.725	-0.694	-0.729	-0.721	-0.721	-0.977	-0.917	-0.823	-0.823	-0.821	-0.823	-0.825	-0.864	-0.827	-0.781	-0.825	-0.831	-0.876	-0.896	-0.737	-0.883	-0.546	-0.557	-0.805	-0.807	-0.521	-0.496	-0.518	-0.544	-0.563	-0.920	-0.577	-0.540	-0.533	-0.578	-0.846	-1.023	-0.797	-0.782	-0.776	-1.032	-0.847	-1.045	-0.847	-0.948	-1.046	-1.046	-0.847	-1.047	-1.039	-1.035	-1.035	-0.712	-0.847	-0.851	-1.046	-1.047	-0.843	-1.045	-0.909	-0.813	-0.848	-0.807	-0.843	-1.042	-1.045	-0.843	-0.846	-0.822	-1.047	-0.876	-0.968	-0.818	-0.837	-0.886	-0.777	-0.776	-0.769	-0.777	-0.790	-0.789	-0.789	-0.789	-0.839	-0.789	-0.791	-0.790	-0.790	-0.870	-0.791	-0.792	-0.783	-0.859	-0.783	-0.795	-0.920	-0.869	-0.887	-0.986	-0.888	-0.887	-0.567	-1.048	-1.048	-0.771	-1.037	-1.045	-1.045	-1.022	-0.759	-0.896	-0.713	-0.405	-0.961	-0.952	-1.051	-1.049	-1.049	-0.884	-0.888	-0.894	-0.880	-0.882	-0.882	-1.039	-0.883	-0.900	-0.901	-1.045	-1.043	-0.884	-0.828	-0.894	-0.884	-0.867	-0.852	-0.869	-0.890	-1.034	-0.807	-0.793	-0.828	-0.828	-0.825	-0.809	-0.886	-0.795	-0.812	-0.857	-0.812	-0.812	-0.807	-0.827	-0.807	-0.814	-0.764	
rs11044172     -0.650	-0.314	-0.780	-0.685	-0.960	-0.730	-0.929	-0.978	-0.981	-0.943	-0.894	-0.896	-0.682	-0.563	-0.686	-0.978	-0.689	-0.696	-1.001	-0.694	-0.697	-0.735	-0.700	-0.695	-0.736	-0.741	-0.697	-0.694	-0.698	-0.807	-0.696	-0.701	-0.706	-0.693	-0.966	-0.877	-0.808	-0.742	-0.960	-0.710	-0.696	-0.714	-0.706	-0.704	-0.981	-0.920	-0.827	-0.827	-0.825	-0.828	-0.829	-0.869	-0.832	-0.803	-0.831	-0.835	-0.891	-0.902	-0.741	-0.896	-0.547	-0.559	-0.810	-0.819	-0.523	-0.497	-0.520	-0.546	-0.565	-0.927	-0.579	-0.543	-0.536	-0.581	-0.853	-1.031	-0.805	-0.790	-0.784	-1.040	-0.854	-1.053	-0.854	-0.953	-1.054	-1.054	-0.854	-1.054	-1.047	-1.042	-1.043	-0.720	-0.854	-0.858	-1.054	-1.055	-0.846	-1.052	-0.916	-0.820	-0.855	-0.814	-0.851	-1.050	-1.052	-0.850	-0.853	-0.829	-1.054	-0.883	-0.974	-0.826	-0.840	-0.894	-0.784	-0.783	-0.776	-0.784	-0.797	-0.795	-0.795	-0.795	-0.845	-0.796	-0.798	-0.796	-0.796	-0.877	-0.797	-0.798	-0.789	-0.866	-0.789	-0.801	-0.928	-0.876	-0.895	-0.991	-0.894	-0.895	-0.578	-1.054	-1.054	-0.779	-1.043	-1.051	-1.051	-1.028	-0.766	-0.903	-0.721	-0.416	-0.969	-0.957	-1.058	-1.056	-1.056	-0.892	-0.896	-0.903	-0.887	-0.891	-0.891	-1.046	-0.892	-0.907	-0.909	-1.052	-1.050	-0.891	-0.835	-0.903	-0.891	-0.876	-0.861	-0.878	-0.898	-1.041	-0.817	-0.803	-0.835	-0.835	-0.832	-0.818	-0.893	-0.805	-0.820	-0.867	-0.820	-0.820	-0.815	-0.834	-0.815	-0.822	-0.774	
rs12367676     -0.661	-0.314	-0.778	-0.697	-0.951	-0.721	-0.918	-0.975	-0.978	-0.932	-0.880	-0.882	-0.685	-0.686	-0.557	-0.975	-0.689	-0.689	-0.995	-0.690	-0.691	-0.731	-0.695	-0.696	-0.733	-0.737	-0.698	-0.697	-0.700	-0.804	-0.699	-0.703	-0.706	-0.700	-0.963	-0.874	-0.805	-0.740	-0.950	-0.722	-0.695	-0.726	-0.718	-0.717	-0.978	-0.918	-0.824	-0.824	-0.822	-0.825	-0.826	-0.865	-0.828	-0.786	-0.826	-0.832	-0.879	-0.897	-0.738	-0.886	-0.546	-0.558	-0.806	-0.809	-0.522	-0.496	-0.518	-0.544	-0.564	-0.921	-0.578	-0.541	-0.534	-0.579	-0.848	-1.025	-0.799	-0.784	-0.778	-1.034	-0.849	-1.047	-0.849	-0.949	-1.048	-1.048	-0.849	-1.049	-1.041	-1.036	-1.036	-0.714	-0.849	-0.853	-1.048	-1.049	-0.844	-1.047	-0.911	-0.815	-0.849	-0.809	-0.845	-1.044	-1.046	-0.845	-0.847	-0.824	-1.049	-0.878	-0.969	-0.820	-0.837	-0.888	-0.779	-0.778	-0.771	-0.779	-0.792	-0.790	-0.790	-0.790	-0.840	-0.791	-0.793	-0.791	-0.791	-0.872	-0.792	-0.793	-0.784	-0.861	-0.784	-0.796	-0.922	-0.870	-0.889	-0.987	-0.889	-0.889	-0.570	-1.049	-1.049	-0.773	-1.038	-1.046	-1.046	-1.023	-0.760	-0.898	-0.715	-0.407	-0.963	-0.953	-1.052	-1.051	-1.051	-0.886	-0.890	-0.896	-0.882	-0.884	-0.884	-1.041	-0.885	-0.902	-0.903	-1.047	-1.045	-0.885	-0.829	-0.896	-0.886	-0.869	-0.854	-0.871	-0.892	-1.036	-0.810	-0.795	-0.829	-0.830	-0.826	-0.811	-0.887	-0.797	-0.813	-0.859	-0.814	-0.813	-0.809	-0.828	-0.809	-0.816	-0.766	
rs1992838      -0.801	-0.183	-0.799	-0.862	-1.000	-0.487	-0.983	-0.753	-0.743	-0.985	-0.953	-0.954	-0.974	-0.978	-0.975	-0.573	-0.974	-0.977	-0.694	-0.976	-0.977	-0.980	-0.977	-0.975	-0.979	-0.981	-0.975	-0.974	-0.975	-0.755	-0.974	-0.974	-0.975	-0.972	-0.764	-0.834	-0.757	-0.679	-0.993	-0.944	-0.683	-0.946	-0.942	-0.942	-0.889	-0.787	-0.781	-0.781	-0.778	-0.782	-0.783	-0.832	-0.786	-0.805	-0.849	-0.791	-0.885	-0.891	-0.699	-0.988	-0.578	-0.589	-0.782	-0.886	-0.552	-0.526	-0.548	-0.574	-0.592	-0.936	-0.607	-0.571	-0.564	-0.608	-0.867	-1.036	-0.827	-0.813	-0.808	-1.055	-0.864	-1.066	-0.864	-0.974	-1.067	-1.067	-0.864	-1.067	-1.061	-1.056	-1.057	-0.748	-0.864	-0.867	-1.067	-1.068	-0.862	-1.066	-0.920	-0.839	-0.865	-0.832	-0.862	-1.064	-1.065	-0.862	-0.863	-0.846	-1.066	-0.891	-0.992	-0.844	-0.857	-0.915	-0.796	-0.795	-0.788	-0.796	-0.821	-0.820	-0.820	-0.820	-0.865	-0.820	-0.822	-0.821	-0.821	-0.886	-0.821	-0.823	-0.814	-0.884	-0.814	-0.825	-0.935	-0.885	-0.897	-1.009	-0.911	-0.903	-0.623	-1.064	-1.064	-0.790	-1.055	-1.062	-1.062	-1.042	-0.778	-0.913	-0.741	-0.465	-0.978	-0.976	-1.065	-1.064	-1.064	-0.900	-0.919	-0.925	-0.896	-0.914	-0.914	-1.056	-0.915	-0.916	-0.930	-1.061	-1.060	-0.899	-0.844	-0.929	-0.900	-0.905	-0.890	-0.905	-0.925	-1.052	-0.855	-0.841	-0.844	-0.845	-0.846	-0.856	-0.901	-0.843	-0.835	-0.898	-0.835	-0.835	-0.830	-0.844	-0.830	-0.836	-0.813	
rs12825178     -0.661	-0.313	-0.778	-0.697	-0.951	-0.721	-0.918	-0.975	-0.978	-0.932	-0.880	-0.883	-0.688	-0.689	-0.689	-0.974	-0.557	-0.688	-0.994	-0.689	-0.689	-0.730	-0.693	-0.692	-0.731	-0.735	-0.695	-0.694	-0.697	-0.803	-0.697	-0.701	-0.704	-0.698	-0.962	-0.873	-0.805	-0.739	-0.950	-0.721	-0.694	-0.725	-0.717	-0.716	-0.977	-0.917	-0.823	-0.823	-0.821	-0.824	-0.825	-0.865	-0.828	-0.785	-0.826	-0.831	-0.878	-0.897	-0.738	-0.884	-0.546	-0.557	-0.805	-0.809	-0.521	-0.496	-0.518	-0.543	-0.563	-0.921	-0.577	-0.540	-0.533	-0.578	-0.847	-1.024	-0.798	-0.783	-0.777	-1.033	-0.848	-1.046	-0.848	-0.949	-1.047	-1.047	-0.848	-1.048	-1.040	-1.036	-1.036	-0.713	-0.848	-0.852	-1.047	-1.049	-0.843	-1.046	-0.910	-0.814	-0.848	-0.808	-0.844	-1.043	-1.046	-0.844	-0.847	-0.823	-1.048	-0.877	-0.969	-0.819	-0.837	-0.887	-0.778	-0.777	-0.770	-0.778	-0.791	-0.790	-0.789	-0.790	-0.840	-0.790	-0.792	-0.790	-0.791	-0.871	-0.791	-0.793	-0.783	-0.860	-0.783	-0.796	-0.921	-0.870	-0.888	-0.987	-0.889	-0.888	-0.569	-1.048	-1.049	-0.772	-1.038	-1.045	-1.046	-1.023	-0.760	-0.897	-0.714	-0.407	-0.962	-0.953	-1.052	-1.050	-1.050	-0.886	-0.889	-0.896	-0.881	-0.883	-0.884	-1.040	-0.885	-0.901	-0.902	-1.046	-1.044	-0.885	-0.829	-0.895	-0.885	-0.868	-0.854	-0.870	-0.891	-1.035	-0.809	-0.794	-0.829	-0.829	-0.826	-0.810	-0.887	-0.796	-0.813	-0.858	-0.813	-0.813	-0.808	-0.828	-0.808	-0.815	-0.766	
rs11044173     -0.656	-0.314	-0.779	-0.691	-0.957	-0.727	-0.925	-0.977	-0.980	-0.939	-0.889	-0.892	-0.686	-0.696	-0.689	-0.977	-0.688	-0.561	-0.999	-0.690	-0.692	-0.732	-0.694	-0.691	-0.733	-0.737	-0.693	-0.690	-0.695	-0.806	-0.693	-0.699	-0.703	-0.693	-0.965	-0.876	-0.807	-0.741	-0.956	-0.714	-0.696	-0.718	-0.710	-0.709	-0.980	-0.919	-0.826	-0.826	-0.824	-0.827	-0.828	-0.868	-0.831	-0.796	-0.829	-0.834	-0.886	-0.900	-0.740	-0.892	-0.547	-0.558	-0.808	-0.815	-0.523	-0.497	-0.519	-0.545	-0.565	-0.925	-0.579	-0.542	-0.535	-0.580	-0.851	-1.029	-0.803	-0.787	-0.782	-1.038	-0.852	-1.051	-0.852	-0.952	-1.052	-1.051	-0.852	-1.052	-1.045	-1.040	-1.040	-0.718	-0.852	-0.856	-1.051	-1.053	-0.845	-1.050	-0.914	-0.818	-0.853	-0.813	-0.849	-1.048	-1.050	-0.848	-0.851	-0.827	-1.052	-0.881	-0.972	-0.823	-0.839	-0.892	-0.782	-0.781	-0.774	-0.782	-0.795	-0.794	-0.793	-0.794	-0.844	-0.794	-0.796	-0.794	-0.795	-0.875	-0.795	-0.796	-0.787	-0.864	-0.787	-0.799	-0.925	-0.874	-0.893	-0.990	-0.892	-0.892	-0.575	-1.052	-1.052	-0.777	-1.041	-1.049	-1.050	-1.026	-0.764	-0.901	-0.719	-0.413	-0.966	-0.956	-1.056	-1.054	-1.054	-0.890	-0.894	-0.900	-0.885	-0.888	-0.888	-1.044	-0.889	-0.905	-0.907	-1.050	-1.048	-0.889	-0.833	-0.900	-0.889	-0.873	-0.858	-0.875	-0.896	-1.039	-0.814	-0.800	-0.833	-0.833	-0.830	-0.815	-0.891	-0.802	-0.817	-0.864	-0.817	-0.817	-0.812	-0.832	-0.812	-0.819	-0.771	
rs10770369     -0.802	-0.322	-0.746	-0.866	-1.058	-0.666	-1.051	-0.717	-0.722	-1.055	-1.037	-1.038	-0.993	-1.001	-0.995	-0.694	-0.994	-0.999	-0.606	-0.997	-0.998	-1.001	-0.998	-0.995	-1.000	-1.001	-0.995	-0.993	-0.994	-0.834	-0.992	-0.993	-0.995	-0.988	-0.710	-0.906	-0.836	-0.767	-1.057	-0.950	-0.718	-0.952	-0.947	-0.946	-0.762	-0.683	-0.856	-0.856	-0.854	-0.856	-0.857	-0.899	-0.860	-0.941	-0.877	-0.864	-0.979	-0.938	-0.771	-1.020	-0.572	-0.584	-0.843	-0.872	-0.548	-0.524	-0.546	-0.571	-0.592	-0.967	-0.605	-0.568	-0.561	-0.607	-0.895	-1.075	-0.848	-0.833	-0.827	-1.086	-0.893	-1.096	-0.893	-0.983	-1.097	-1.097	-0.893	-1.097	-1.091	-1.087	-1.088	-0.764	-0.894	-0.897	-1.097	-1.097	-0.881	-1.096	-0.956	-0.861	-0.894	-0.854	-0.890	-1.094	-1.096	-0.890	-0.892	-0.869	-1.094	-0.922	-1.005	-0.867	-0.870	-0.946	-0.826	-0.825	-0.818	-0.826	-0.829	-0.828	-0.828	-0.828	-0.879	-0.828	-0.830	-0.829	-0.829	-0.919	-0.829	-0.831	-0.822	-0.901	-0.821	-0.834	-0.968	-0.918	-0.940	-1.022	-0.931	-0.939	-0.640	-1.091	-1.091	-0.820	-1.079	-1.088	-1.088	-1.061	-0.808	-0.946	-0.769	-0.478	-1.013	-0.987	-1.095	-1.093	-1.092	-0.934	-0.942	-0.949	-0.930	-0.937	-0.937	-1.082	-0.938	-0.947	-0.955	-1.089	-1.087	-0.933	-0.876	-0.951	-0.933	-0.926	-0.911	-0.927	-0.947	-1.076	-0.870	-0.856	-0.876	-0.876	-0.877	-0.871	-0.935	-0.858	-0.865	-0.919	-0.865	-0.865	-0.860	-0.875	-0.860	-0.867	-0.827	
rs11044175     -0.659	-0.314	-0.779	-0.695	-0.955	-0.724	-0.922	-0.977	-0.979	-0.936	-0.886	-0.888	-0.689	-0.694	-0.690	-0.976	-0.689	-0.690	-0.997	-0.560	-0.690	-0.731	-0.691	-0.690	-0.731	-0.736	-0.693	-0.690	-0.694	-0.805	-0.694	-0.699	-0.702	-0.694	-0.964	-0.875	-0.806	-0.741	-0.953	-0.717	-0.696	-0.722	-0.713	-0.712	-0.979	-0.919	-0.825	-0.825	-0.823	-0.826	-0.827	-0.867	-0.830	-0.791	-0.828	-0.833	-0.883	-0.899	-0.740	-0.889	-0.547	-0.558	-0.807	-0.813	-0.522	-0.497	-0.519	-0.545	-0.565	-0.923	-0.578	-0.542	-0.535	-0.580	-0.850	-1.027	-0.801	-0.786	-0.780	-1.036	-0.851	-1.049	-0.851	-0.951	-1.050	-1.050	-0.851	-1.051	-1.043	-1.039	-1.039	-0.716	-0.851	-0.855	-1.050	-1.051	-0.845	-1.049	-0.913	-0.817	-0.851	-0.811	-0.847	-1.046	-1.049	-0.847	-0.849	-0.826	-1.051	-0.880	-0.971	-0.822	-0.839	-0.890	-0.781	-0.780	-0.773	-0.781	-0.794	-0.792	-0.792	-0.792	-0.842	-0.793	-0.795	-0.793	-0.793	-0.874	-0.794	-0.795	-0.786	-0.863	-0.786	-0.798	-0.924	-0.872	-0.891	-0.989	-0.891	-0.891	-0.573	-1.051	-1.051	-0.775	-1.040	-1.048	-1.048	-1.025	-0.762	-0.900	-0.717	-0.410	-0.965	-0.955	-1.054	-1.053	-1.053	-0.888	-0.892	-0.899	-0.884	-0.886	-0.887	-1.043	-0.887	-0.904	-0.905	-1.049	-1.047	-0.887	-0.831	-0.898	-0.888	-0.871	-0.857	-0.873	-0.894	-1.037	-0.812	-0.798	-0.831	-0.832	-0.829	-0.813	-0.889	-0.799	-0.816	-0.862	-0.816	-0.816	-0.811	-0.830	-0.811	-0.818	-0.769	
rs11044176     -0.657	-0.315	-0.780	-0.693	-0.957	-0.726	-0.925	-0.977	-0.980	-0.939	-0.889	-0.891	-0.689	-0.697	-0.691	-0.977	-0.689	-0.692	-0.998	-0.690	-0.561	-0.731	-0.691	-0.688	-0.731	-0.736	-0.691	-0.688	-0.693	-0.806	-0.691	-0.696	-0.701	-0.691	-0.965	-0.876	-0.807	-0.742	-0.955	-0.714	-0.696	-0.719	-0.710	-0.709	-0.980	-0.919	-0.826	-0.826	-0.824	-0.827	-0.828	-0.868	-0.831	-0.795	-0.829	-0.834	-0.885	-0.900	-0.740	-0.891	-0.547	-0.559	-0.808	-0.815	-0.523	-0.497	-0.520	-0.546	-0.565	-0.925	-0.579	-0.542	-0.535	-0.580	-0.851	-1.029	-0.803	-0.787	-0.782	-1.037	-0.852	-1.051	-0.852	-0.952	-1.052	-1.051	-0.852	-1.052	-1.045	-1.040	-1.040	-0.718	-0.852	-0.856	-1.051	-1.052	-0.845	-1.050	-0.914	-0.818	-0.853	-0.812	-0.848	-1.048	-1.050	-0.848	-0.851	-0.827	-1.052	-0.881	-0.972	-0.823	-0.839	-0.892	-0.782	-0.781	-0.774	-0.782	-0.795	-0.793	-0.793	-0.794	-0.843	-0.794	-0.796	-0.794	-0.794	-0.875	-0.795	-0.796	-0.787	-0.864	-0.787	-0.799	-0.925	-0.874	-0.893	-0.990	-0.892	-0.892	-0.574	-1.052	-1.052	-0.776	-1.041	-1.049	-1.049	-1.026	-0.764	-0.901	-0.719	-0.412	-0.966	-0.956	-1.056	-1.054	-1.054	-0.889	-0.893	-0.900	-0.885	-0.888	-0.888	-1.044	-0.889	-0.905	-0.907	-1.050	-1.048	-0.889	-0.833	-0.900	-0.889	-0.873	-0.858	-0.875	-0.895	-1.039	-0.814	-0.799	-0.833	-0.833	-0.830	-0.815	-0.891	-0.801	-0.817	-0.863	-0.817	-0.817	-0.812	-0.832	-0.812	-0.819	-0.771	
rs12301772     -0.669	-0.318	-0.783	-0.708	-0.955	-0.728	-0.932	-0.980	-0.983	-0.945	-0.897	-0.899	-0.730	-0.735	-0.731	-0.980	-0.730	-0.732	-1.001	-0.731	-0.731	-0.564	-0.732	-0.729	-0.694	-0.703	-0.731	-0.729	-0.731	-0.809	-0.730	-0.733	-0.735	-0.729	-0.968	-0.880	-0.810	-0.745	-0.953	-0.697	-0.699	-0.703	-0.693	-0.692	-0.983	-0.922	-0.829	-0.829	-0.827	-0.830	-0.831	-0.871	-0.834	-0.789	-0.832	-0.837	-0.890	-0.903	-0.744	-0.896	-0.551	-0.562	-0.811	-0.816	-0.526	-0.501	-0.523	-0.549	-0.569	-0.928	-0.582	-0.546	-0.539	-0.584	-0.854	-1.032	-0.807	-0.792	-0.787	-1.041	-0.855	-1.054	-0.855	-0.955	-1.055	-1.054	-0.854	-1.055	-1.048	-1.043	-1.043	-0.723	-0.855	-0.858	-1.054	-1.056	-0.848	-1.053	-0.917	-0.821	-0.855	-0.815	-0.851	-1.051	-1.053	-0.851	-0.853	-0.830	-1.055	-0.884	-0.975	-0.826	-0.842	-0.892	-0.785	-0.784	-0.777	-0.785	-0.797	-0.796	-0.796	-0.796	-0.846	-0.796	-0.798	-0.797	-0.797	-0.878	-0.797	-0.799	-0.790	-0.866	-0.789	-0.802	-0.928	-0.877	-0.895	-0.993	-0.895	-0.895	-0.575	-1.055	-1.055	-0.779	-1.044	-1.052	-1.052	-1.029	-0.767	-0.904	-0.721	-0.413	-0.969	-0.959	-1.059	-1.057	-1.057	-0.892	-0.895	-0.902	-0.888	-0.890	-0.890	-1.047	-0.891	-0.908	-0.909	-1.053	-1.051	-0.891	-0.835	-0.902	-0.892	-0.875	-0.860	-0.877	-0.897	-1.041	-0.815	-0.801	-0.835	-0.836	-0.833	-0.817	-0.893	-0.803	-0.820	-0.865	-0.820	-0.820	-0.815	-0.834	-0.815	-0.822	-0.772	
rs12820609     -0.660	-0.315	-0.780	-0.696	-0.957	-0.726	-0.924	-0.977	-0.980	-0.939	-0.889	-0.891	-0.694	-0.700	-0.695	-0.977	-0.693	-0.694	-0.998	-0.691	-0.691	-0.732	-0.561	-0.688	-0.731	-0.735	-0.690	-0.688	-0.692	-0.806	-0.691	-0.697	-0.701	-0.691	-0.965	-0.876	-0.807	-0.742	-0.955	-0.716	-0.696	-0.720	-0.712	-0.711	-0.980	-0.919	-0.826	-0.826	-0.824	-0.827	-0.828	-0.868	-0.831	-0.793	-0.829	-0.834	-0.885	-0.900	-0.741	-0.890	-0.548	-0.559	-0.808	-0.814	-0.523	-0.498	-0.520	-0.546	-0.565	-0.925	-0.579	-0.543	-0.536	-0.581	-0.851	-1.028	-0.803	-0.787	-0.782	-1.037	-0.852	-1.050	-0.852	-0.952	-1.051	-1.051	-0.852	-1.052	-1.044	-1.040	-1.040	-0.717	-0.852	-0.856	-1.051	-1.052	-0.846	-1.050	-0.914	-0.818	-0.852	-0.812	-0.848	-1.047	-1.050	-0.848	-0.850	-0.827	-1.052	-0.881	-0.972	-0.823	-0.839	-0.892	-0.782	-0.781	-0.774	-0.782	-0.795	-0.793	-0.793	-0.793	-0.843	-0.794	-0.796	-0.794	-0.794	-0.875	-0.795	-0.796	-0.787	-0.864	-0.787	-0.799	-0.925	-0.874	-0.892	-0.990	-0.892	-0.892	-0.574	-1.052	-1.052	-0.776	-1.041	-1.049	-1.049	-1.026	-0.764	-0.901	-0.718	-0.412	-0.966	-0.956	-1.055	-1.054	-1.054	-0.889	-0.893	-0.900	-0.885	-0.888	-0.888	-1.044	-0.889	-0.905	-0.906	-1.050	-1.048	-0.888	-0.833	-0.899	-0.889	-0.873	-0.858	-0.875	-0.895	-1.039	-0.814	-0.799	-0.833	-0.833	-0.830	-0.815	-0.890	-0.801	-0.817	-0.863	-0.817	-0.817	-0.812	-0.831	-0.812	-0.819	-0.770	
rs12813137     -0.666	-0.315	-0.779	-0.702	-0.952	-0.721	-0.918	-0.976	-0.979	-0.933	-0.881	-0.883	-0.696	-0.695	-0.696	-0.975	-0.692	-0.691	-0.995	-0.690	-0.688	-0.729	-0.688	-0.558	-0.729	-0.733	-0.691	-0.691	-0.694	-0.804	-0.694	-0.699	-0.701	-0.696	-0.963	-0.874	-0.806	-0.740	-0.950	-0.722	-0.695	-0.727	-0.719	-0.718	-0.978	-0.918	-0.824	-0.824	-0.822	-0.825	-0.826	-0.866	-0.829	-0.784	-0.826	-0.832	-0.878	-0.898	-0.739	-0.885	-0.547	-0.558	-0.806	-0.809	-0.522	-0.497	-0.519	-0.545	-0.564	-0.921	-0.578	-0.542	-0.535	-0.580	-0.848	-1.025	-0.799	-0.784	-0.778	-1.034	-0.849	-1.047	-0.849	-0.950	-1.048	-1.048	-0.849	-1.049	-1.041	-1.037	-1.037	-0.714	-0.849	-0.853	-1.048	-1.049	-0.844	-1.047	-0.911	-0.815	-0.849	-0.809	-0.845	-1.044	-1.047	-0.845	-0.847	-0.824	-1.049	-0.878	-0.970	-0.820	-0.838	-0.888	-0.779	-0.778	-0.771	-0.779	-0.792	-0.791	-0.791	-0.791	-0.841	-0.791	-0.793	-0.792	-0.792	-0.872	-0.792	-0.794	-0.785	-0.861	-0.784	-0.797	-0.922	-0.870	-0.889	-0.988	-0.890	-0.889	-0.569	-1.049	-1.049	-0.773	-1.038	-1.046	-1.047	-1.024	-0.760	-0.898	-0.715	-0.407	-0.963	-0.954	-1.053	-1.051	-1.051	-0.886	-0.889	-0.896	-0.882	-0.884	-0.884	-1.041	-0.885	-0.902	-0.903	-1.047	-1.045	-0.885	-0.829	-0.896	-0.886	-0.869	-0.854	-0.871	-0.891	-1.036	-0.809	-0.795	-0.830	-0.830	-0.826	-0.810	-0.887	-0.797	-0.813	-0.859	-0.814	-0.813	-0.809	-0.828	-0.809	-0.816	-0.766	
rs11829471     -0.672	-0.318	-0.783	-0.711	-0.955	-0.727	-0.931	-0.980	-0.983	-0.944	-0.895	-0.898	-0.732	-0.736	-0.733	-0.979	-0.731	-0.733	-1.000	-0.731	-0.731	-0.694	-0.731	-0.729	-0.563	-0.702	-0.731	-0.729	-0.731	-0.809	-0.730	-0.733	-0.735	-0.729	-0.967	-0.879	-0.810	-0.745	-0.952	-0.700	-0.699	-0.705	-0.696	-0.695	-0.983	-0.922	-0.829	-0.829	-0.827	-0.830	-0.831	-0.870	-0.833	-0.787	-0.832	-0.837	-0.888	-0.903	-0.743	-0.894	-0.551	-0.563	-0.811	-0.815	-0.526	-0.501	-0.523	-0.549	-0.569	-0.928	-0.582	-0.546	-0.539	-0.584	-0.853	-1.032	-0.807	-0.791	-0.786	-1.040	-0.854	-1.053	-0.854	-0.955	-1.054	-1.054	-0.854	-1.055	-1.047	-1.043	-1.043	-0.722	-0.854	-0.858	-1.054	-1.055	-0.848	-1.053	-0.916	-0.821	-0.855	-0.815	-0.850	-1.050	-1.053	-0.850	-0.853	-0.829	-1.054	-0.883	-0.974	-0.826	-0.842	-0.892	-0.784	-0.784	-0.777	-0.784	-0.797	-0.795	-0.795	-0.795	-0.846	-0.796	-0.798	-0.796	-0.796	-0.877	-0.797	-0.798	-0.789	-0.866	-0.789	-0.801	-0.927	-0.876	-0.895	-0.993	-0.894	-0.895	-0.575	-1.055	-1.055	-0.779	-1.044	-1.052	-1.052	-1.029	-0.766	-0.903	-0.721	-0.413	-0.969	-0.958	-1.058	-1.057	-1.056	-0.892	-0.895	-0.902	-0.887	-0.889	-0.889	-1.046	-0.890	-0.907	-0.908	-1.052	-1.050	-0.891	-0.835	-0.901	-0.891	-0.874	-0.859	-0.876	-0.897	-1.041	-0.815	-0.800	-0.835	-0.835	-0.832	-0.816	-0.893	-0.802	-0.819	-0.864	-0.819	-0.819	-0.814	-0.834	-0.814	-0.821	-0.771	
rs10770370     -0.671	-0.319	-0.784	-0.710	-0.958	-0.729	-0.934	-0.981	-0.984	-0.948	-0.900	-0.902	-0.736	-0.741	-0.737	-0.981	-0.735	-0.737	-1.001	-0.736	-0.736	-0.703	-0.735	-0.733	-0.702	-0.565	-0.734	-0.732	-0.735	-0.810	-0.733	-0.736	-0.739	-0.732	-0.969	-0.881	-0.811	-0.746	-0.955	-0.699	-0.700	-0.704	-0.695	-0.694	-0.984	-0.923	-0.830	-0.830	-0.828	-0.831	-0.832	-0.872	-0.834	-0.792	-0.833	-0.838	-0.892	-0.904	-0.744	-0.898	-0.552	-0.563	-0.812	-0.817	-0.527	-0.502	-0.524	-0.550	-0.570	-0.929	-0.583	-0.547	-0.540	-0.585	-0.855	-1.033	-0.808	-0.793	-0.788	-1.042	-0.856	-1.055	-0.856	-0.956	-1.056	-1.055	-0.856	-1.056	-1.049	-1.044	-1.044	-0.724	-0.856	-0.860	-1.055	-1.057	-0.849	-1.054	-0.918	-0.822	-0.856	-0.816	-0.852	-1.052	-1.054	-0.852	-0.854	-0.831	-1.056	-0.885	-0.976	-0.827	-0.843	-0.893	-0.785	-0.785	-0.778	-0.785	-0.798	-0.797	-0.797	-0.797	-0.847	-0.797	-0.799	-0.798	-0.798	-0.879	-0.798	-0.800	-0.791	-0.867	-0.790	-0.803	-0.929	-0.878	-0.897	-0.994	-0.896	-0.896	-0.576	-1.056	-1.056	-0.780	-1.045	-1.053	-1.053	-1.030	-0.767	-0.905	-0.722	-0.415	-0.970	-0.960	-1.060	-1.058	-1.058	-0.893	-0.897	-0.904	-0.889	-0.891	-0.892	-1.048	-0.892	-0.909	-0.910	-1.054	-1.052	-0.893	-0.836	-0.903	-0.893	-0.876	-0.862	-0.878	-0.899	-1.042	-0.817	-0.802	-0.837	-0.837	-0.834	-0.818	-0.894	-0.804	-0.821	-0.867	-0.821	-0.821	-0.816	-0.835	-0.816	-0.823	-0.774	
rs11044178     -0.666	-0.315	-0.779	-0.703	-0.952	-0.721	-0.919	-0.976	-0.979	-0.933	-0.881	-0.883	-0.698	-0.697	-0.698	-0.975	-0.695	-0.693	-0.995	-0.693	-0.691	-0.731	-0.690	-0.691	-0.731	-0.734	-0.558	-0.685	-0.688	-0.804	-0.689	-0.694	-0.696	-0.691	-0.963	-0.874	-0.806	-0.740	-0.949	-0.722	-0.695	-0.726	-0.719	-0.718	-0.978	-0.918	-0.824	-0.824	-0.822	-0.825	-0.826	-0.866	-0.829	-0.784	-0.826	-0.832	-0.878	-0.897	-0.739	-0.884	-0.547	-0.558	-0.806	-0.809	-0.522	-0.497	-0.519	-0.545	-0.565	-0.921	-0.578	-0.542	-0.535	-0.580	-0.848	-1.025	-0.799	-0.784	-0.778	-1.034	-0.849	-1.047	-0.849	-0.950	-1.048	-1.048	-0.849	-1.049	-1.041	-1.036	-1.036	-0.714	-0.849	-0.853	-1.048	-1.049	-0.844	-1.047	-0.911	-0.815	-0.849	-0.809	-0.845	-1.044	-1.047	-0.845	-0.847	-0.824	-1.049	-0.878	-0.970	-0.820	-0.838	-0.888	-0.779	-0.778	-0.771	-0.779	-0.792	-0.791	-0.790	-0.791	-0.841	-0.791	-0.793	-0.791	-0.792	-0.872	-0.792	-0.793	-0.784	-0.861	-0.784	-0.796	-0.922	-0.870	-0.889	-0.988	-0.889	-0.889	-0.569	-1.049	-1.049	-0.773	-1.038	-1.046	-1.047	-1.024	-0.760	-0.898	-0.715	-0.407	-0.963	-0.954	-1.053	-1.051	-1.051	-0.886	-0.889	-0.896	-0.882	-0.884	-0.884	-1.041	-0.885	-0.902	-0.903	-1.047	-1.045	-0.885	-0.829	-0.896	-0.886	-0.869	-0.854	-0.871	-0.891	-1.036	-0.809	-0.794	-0.829	-0.830	-0.826	-0.810	-0.887	-0.796	-0.813	-0.859	-0.814	-0.813	-0.808	-0.828	-0.809	-0.816	-0.766	
rs16914278     -0.669	-0.314	-0.778	-0.706	-0.949	-0.719	-0.915	-0.975	-0.978	-0.929	-0.877	-0.879	-0.698	-0.694	-0.697	-0.974	-0.694	-0.690	-0.993	-0.690	-0.688	-0.729	-0.688	-0.691	-0.729	-0.732	-0.685	-0.556	-0.686	-0.803	-0.687	-0.692	-0.693	-0.691	-0.962	-0.873	-0.804	-0.739	-0.946	-0.725	-0.695	-0.729	-0.721	-0.720	-0.977	-0.917	-0.823	-0.823	-0.821	-0.824	-0.825	-0.864	-0.827	-0.778	-0.825	-0.831	-0.874	-0.896	-0.737	-0.881	-0.546	-0.558	-0.805	-0.806	-0.521	-0.496	-0.518	-0.544	-0.564	-0.919	-0.577	-0.541	-0.534	-0.579	-0.846	-1.023	-0.797	-0.781	-0.776	-1.032	-0.847	-1.045	-0.847	-0.948	-1.046	-1.046	-0.847	-1.047	-1.039	-1.034	-1.034	-0.712	-0.847	-0.851	-1.046	-1.047	-0.843	-1.045	-0.909	-0.813	-0.847	-0.807	-0.843	-1.042	-1.045	-0.843	-0.845	-0.822	-1.047	-0.876	-0.968	-0.818	-0.837	-0.885	-0.777	-0.776	-0.769	-0.777	-0.790	-0.789	-0.789	-0.789	-0.839	-0.789	-0.791	-0.790	-0.790	-0.870	-0.790	-0.792	-0.783	-0.859	-0.782	-0.795	-0.920	-0.868	-0.887	-0.986	-0.888	-0.887	-0.566	-1.047	-1.047	-0.771	-1.037	-1.044	-1.045	-1.022	-0.758	-0.896	-0.712	-0.404	-0.961	-0.952	-1.051	-1.049	-1.049	-0.884	-0.887	-0.894	-0.880	-0.882	-0.882	-1.039	-0.883	-0.900	-0.901	-1.045	-1.043	-0.883	-0.827	-0.893	-0.884	-0.866	-0.851	-0.868	-0.889	-1.034	-0.807	-0.792	-0.827	-0.828	-0.824	-0.808	-0.885	-0.794	-0.811	-0.856	-0.811	-0.811	-0.806	-0.826	-0.806	-0.813	-0.763	
