## Summary of overall evidence for association with region:
## log10(BF for region) = -0.412831
## p-value for region = NA

## BFs for choosing among multi-SNP models:
## log10(average 1-SNP BF) = -0.345016
## log10(average 2-SNP BF) = -0.591972

## Example posterior probabilities for multi-SNP models, based on default prior: [p(l) propto 0.5^l for l=1,2,...,L]
## posterior probability of 1-SNP = 0.779333
## posterior probability of 2-SNP = 0.220667

## log10(BF) for single SNP and pair of SNPs:
rs68053610     +0.508	+0.096	+0.416	+0.027	+0.047	+0.008	+0.013	+0.425	+0.517	+0.487	+0.522	+0.522	+0.471	+0.473	+0.542	+0.542	+0.542	+0.642	+0.057	+0.616	+0.053	+0.666	+0.031	+0.031	+0.025	+0.580	+0.528	+0.527	+0.534	+0.578	+0.577	+0.574	+0.079	+0.551	+0.555	+0.554	-0.033	+0.043	+0.394	+0.049	+0.087	+0.068	+0.059	+0.056	+0.075	+0.097	+0.096	+0.094	+0.119	-0.003	+0.010	-0.018	-0.015	-0.010	+0.010	+0.022	-0.004	+0.007	+0.009	+0.010	+0.019	+0.205	+0.080	+0.297	+0.156	+0.168	+0.155	+0.197	+0.199	+0.209	+0.100	+0.202	+0.201	+0.213	+0.212	+0.202	+0.199	-0.018	+0.205	+0.203	+0.203	+0.202	+0.254	+0.251	+0.205	+0.059	+0.070	+0.208	+0.169	+0.051	+0.150	+0.078	+0.062	-0.026	+0.027	+0.051	+0.029	-0.025	+0.095	+0.080	+0.112	+0.013	+0.148	-0.032	+0.113	+0.181	+0.197	-0.031	+0.179	+0.032	-0.032	-0.026	+0.031	+0.031	+0.109	+0.115	+0.031	+0.104	+0.115	+0.104	+0.096	+0.107	
rs6784489      +0.096	-0.594	-0.672	-0.976	-0.911	-0.982	-0.973	-0.645	-0.572	-0.597	-0.567	-0.567	-0.613	-0.611	-0.548	-0.548	-0.548	-0.448	-0.882	-0.476	-0.920	-0.436	-0.948	-0.948	-0.955	-0.509	-0.556	-0.557	-0.550	-0.511	-0.512	-0.512	-0.839	-0.536	-0.533	-0.534	-1.049	-0.958	-0.668	-0.952	-0.908	-0.930	-0.942	-0.944	-0.922	-0.897	-0.898	-0.900	-0.882	-1.025	-1.018	-1.061	-1.043	-1.035	-1.017	-1.003	-1.045	-1.021	-1.019	-1.017	-1.019	-0.847	-0.976	-0.747	-0.911	-0.898	-0.910	-0.863	-0.877	-0.832	-0.950	-0.864	-0.841	-0.828	-0.829	-0.865	-0.843	-1.052	-0.864	-0.865	-0.865	-0.865	-0.795	-0.806	-0.871	-0.971	-0.969	-0.868	-0.878	-0.980	-0.897	-0.960	-0.983	-1.073	-1.021	-0.977	-1.019	-1.073	-0.940	-0.966	-0.935	-1.038	-0.904	-1.080	-0.951	-0.873	-0.889	-1.080	-0.875	-1.020	-1.078	-1.078	-1.020	-1.020	-0.928	-0.923	-1.020	-0.923	-0.923	-0.924	-0.933	-0.931	
rs11706529     +0.416	-0.672	-0.213	-0.682	-0.634	-0.689	-0.683	-0.346	-0.227	-0.273	-0.223	-0.223	-0.288	-0.286	-0.194	-0.195	-0.195	-0.081	-0.623	-0.111	-0.649	-0.048	-0.669	-0.669	-0.673	-0.152	-0.232	-0.234	-0.225	-0.159	-0.160	-0.181	-0.593	-0.203	-0.200	-0.202	-0.720	-0.675	-0.386	-0.671	-0.641	-0.657	-0.664	-0.666	-0.650	-0.632	-0.633	-0.634	-0.622	-0.708	-0.645	-0.700	-0.676	-0.664	-0.651	-0.635	-0.694	-0.655	-0.653	-0.651	-0.662	-0.491	-0.631	-0.424	-0.550	-0.512	-0.526	-0.509	-0.508	-0.505	-0.600	-0.510	-0.513	-0.502	-0.502	-0.511	-0.516	-0.710	-0.510	-0.511	-0.511	-0.511	-0.469	-0.472	-0.500	-0.639	-0.640	-0.497	-0.547	-0.647	-0.566	-0.631	-0.639	-0.723	-0.667	-0.640	-0.665	-0.724	-0.609	-0.622	-0.610	-0.704	-0.573	-0.724	-0.616	-0.544	-0.537	-0.723	-0.546	-0.669	-0.731	-0.722	-0.669	-0.670	-0.586	-0.580	-0.669	-0.589	-0.580	-0.590	-0.598	-0.588	
rs747312       +0.027	-0.976	-0.682	-0.532	-0.829	-0.801	-0.796	-0.660	-0.593	-0.616	-0.589	-0.589	-0.630	-0.628	-0.571	-0.571	-0.571	-0.479	-0.828	-0.505	-0.765	-0.467	-0.789	-0.788	-0.794	-0.535	-0.579	-0.580	-0.573	-0.537	-0.538	-0.539	-0.794	-0.560	-0.558	-0.558	-0.844	-0.846	-0.672	-0.842	-0.804	-0.824	-0.836	-0.836	-0.817	-0.794	-0.794	-0.797	-0.823	-0.875	-0.965	-1.003	-0.988	-0.980	-0.952	-0.938	-0.984	-0.956	-0.954	-0.952	-0.949	-0.789	-0.907	-0.675	-0.852	-0.827	-0.840	-0.803	-0.817	-0.762	-0.892	-0.803	-0.770	-0.758	-0.759	-0.804	-0.773	-0.994	-0.802	-0.803	-0.804	-0.804	-0.723	-0.716	-0.811	-0.900	-0.909	-0.808	-0.808	-0.910	-0.828	-0.900	-0.909	-1.014	-0.962	-0.911	-0.960	-1.014	-0.867	-0.891	-0.876	-0.976	-0.837	-1.016	-0.884	-0.805	-0.822	-1.015	-0.808	-0.959	-1.008	-1.003	-0.959	-0.960	-0.851	-0.845	-0.959	-0.856	-0.845	-0.856	-0.865	-0.854	
rs747313       +0.047	-0.911	-0.634	-0.829	-0.460	-0.853	-0.849	-0.614	-0.549	-0.571	-0.545	-0.545	-0.585	-0.583	-0.528	-0.528	-0.528	-0.437	-0.717	-0.463	-0.821	-0.426	-0.838	-0.838	-0.842	-0.492	-0.535	-0.536	-0.530	-0.495	-0.496	-0.497	-0.668	-0.517	-0.515	-0.515	-0.881	-0.859	-0.624	-0.856	-0.826	-0.842	-0.850	-0.851	-0.836	-0.818	-0.818	-0.820	-0.788	-0.883	-0.892	-0.935	-0.919	-0.911	-0.876	-0.860	-0.912	-0.879	-0.878	-0.876	-0.875	-0.720	-0.854	-0.632	-0.783	-0.754	-0.768	-0.735	-0.747	-0.715	-0.824	-0.735	-0.723	-0.711	-0.712	-0.736	-0.726	-0.935	-0.735	-0.736	-0.736	-0.736	-0.678	-0.676	-0.742	-0.848	-0.852	-0.739	-0.759	-0.856	-0.778	-0.843	-0.858	-0.946	-0.894	-0.852	-0.892	-0.946	-0.816	-0.841	-0.824	-0.913	-0.785	-0.948	-0.826	-0.756	-0.756	-0.948	-0.758	-0.892	-0.946	-0.942	-0.892	-0.893	-0.798	-0.793	-0.893	-0.799	-0.793	-0.800	-0.808	-0.801	
rs7652026      +0.008	-0.982	-0.689	-0.801	-0.853	-0.540	-0.671	-0.666	-0.599	-0.622	-0.595	-0.595	-0.636	-0.634	-0.577	-0.577	-0.577	-0.485	-0.801	-0.511	-0.654	-0.473	-0.688	-0.689	-0.702	-0.541	-0.585	-0.586	-0.580	-0.544	-0.544	-0.545	-0.767	-0.566	-0.564	-0.564	-0.758	-0.806	-0.678	-0.800	-0.757	-0.780	-0.794	-0.794	-0.774	-0.748	-0.749	-0.752	-0.798	-0.854	-0.975	-1.011	-0.997	-0.990	-0.966	-0.952	-0.994	-0.969	-0.967	-0.966	-0.960	-0.796	-0.911	-0.676	-0.860	-0.838	-0.850	-0.811	-0.826	-0.764	-0.899	-0.810	-0.772	-0.760	-0.761	-0.811	-0.775	-1.000	-0.810	-0.811	-0.811	-0.811	-0.724	-0.715	-0.820	-0.907	-0.917	-0.818	-0.810	-0.916	-0.831	-0.907	-0.916	-1.021	-0.969	-0.919	-0.967	-1.020	-0.873	-0.898	-0.879	-0.981	-0.840	-1.025	-0.889	-0.808	-0.829	-1.024	-0.810	-0.966	-1.013	-1.008	-0.966	-0.967	-0.854	-0.848	-0.967	-0.864	-0.848	-0.864	-0.873	-0.857	
rs9848012      +0.013	-0.973	-0.683	-0.796	-0.849	-0.671	-0.530	-0.660	-0.594	-0.617	-0.590	-0.590	-0.631	-0.629	-0.573	-0.573	-0.573	-0.481	-0.800	-0.508	-0.662	-0.470	-0.694	-0.692	-0.703	-0.537	-0.581	-0.582	-0.575	-0.540	-0.540	-0.541	-0.766	-0.562	-0.560	-0.560	-0.740	-0.803	-0.673	-0.798	-0.758	-0.780	-0.793	-0.792	-0.774	-0.749	-0.750	-0.753	-0.797	-0.845	-0.966	-1.002	-0.988	-0.981	-0.957	-0.943	-0.985	-0.960	-0.958	-0.957	-0.951	-0.787	-0.901	-0.666	-0.851	-0.829	-0.841	-0.802	-0.817	-0.754	-0.890	-0.801	-0.763	-0.750	-0.751	-0.802	-0.766	-0.991	-0.801	-0.802	-0.802	-0.802	-0.715	-0.705	-0.811	-0.898	-0.908	-0.809	-0.801	-0.907	-0.821	-0.899	-0.907	-1.012	-0.960	-0.910	-0.959	-1.011	-0.864	-0.888	-0.870	-0.972	-0.830	-1.016	-0.880	-0.798	-0.820	-1.015	-0.801	-0.957	-1.003	-0.998	-0.957	-0.958	-0.844	-0.839	-0.958	-0.855	-0.839	-0.856	-0.864	-0.848	
rs9819978      +0.425	-0.645	-0.346	-0.660	-0.614	-0.666	-0.660	-0.185	-0.264	-0.288	-0.261	-0.261	-0.303	-0.301	-0.242	-0.242	-0.242	-0.147	-0.604	-0.171	-0.627	-0.125	-0.647	-0.647	-0.651	-0.206	-0.261	-0.262	-0.255	-0.210	-0.211	-0.219	-0.575	-0.240	-0.238	-0.239	-0.696	-0.652	-0.378	-0.649	-0.619	-0.635	-0.642	-0.644	-0.628	-0.611	-0.611	-0.613	-0.602	-0.684	-0.617	-0.673	-0.649	-0.637	-0.624	-0.608	-0.668	-0.628	-0.626	-0.624	-0.637	-0.464	-0.605	-0.402	-0.521	-0.481	-0.494	-0.482	-0.478	-0.482	-0.573	-0.483	-0.490	-0.479	-0.480	-0.484	-0.493	-0.684	-0.483	-0.484	-0.484	-0.484	-0.447	-0.449	-0.471	-0.616	-0.616	-0.468	-0.524	-0.624	-0.542	-0.608	-0.614	-0.696	-0.640	-0.617	-0.638	-0.697	-0.586	-0.597	-0.587	-0.679	-0.549	-0.696	-0.590	-0.521	-0.510	-0.696	-0.523	-0.642	-0.705	-0.695	-0.643	-0.643	-0.561	-0.556	-0.643	-0.567	-0.556	-0.567	-0.575	-0.564	
rs56198624     +0.517	-0.572	-0.227	-0.593	-0.549	-0.599	-0.594	-0.264	-0.104	-0.214	-0.188	-0.188	-0.209	-0.209	-0.177	-0.177	-0.177	-0.110	-0.544	-0.132	-0.565	-0.087	-0.583	-0.583	-0.587	-0.156	-0.202	-0.203	-0.199	-0.160	-0.161	-0.176	-0.517	-0.186	-0.185	-0.186	-0.622	-0.588	-0.307	-0.585	-0.558	-0.572	-0.579	-0.580	-0.566	-0.550	-0.551	-0.552	-0.542	-0.613	-0.542	-0.600	-0.575	-0.562	-0.550	-0.534	-0.594	-0.553	-0.551	-0.550	-0.561	-0.389	-0.535	-0.334	-0.447	-0.404	-0.417	-0.407	-0.403	-0.414	-0.500	-0.408	-0.422	-0.410	-0.411	-0.410	-0.424	-0.612	-0.409	-0.410	-0.410	-0.410	-0.378	-0.380	-0.395	-0.544	-0.546	-0.393	-0.455	-0.552	-0.473	-0.538	-0.542	-0.623	-0.566	-0.545	-0.564	-0.623	-0.515	-0.525	-0.518	-0.609	-0.480	-0.622	-0.520	-0.452	-0.436	-0.621	-0.453	-0.569	-0.632	-0.622	-0.569	-0.570	-0.490	-0.485	-0.569	-0.495	-0.485	-0.496	-0.504	-0.493	
rs2362120      +0.487	-0.597	-0.273	-0.616	-0.571	-0.622	-0.617	-0.288	-0.214	-0.132	-0.210	-0.210	-0.242	-0.242	-0.194	-0.194	-0.194	-0.116	-0.565	-0.130	-0.587	-0.091	-0.605	-0.605	-0.609	-0.166	-0.218	-0.219	-0.213	-0.170	-0.172	-0.178	-0.538	-0.200	-0.198	-0.199	-0.646	-0.610	-0.331	-0.607	-0.580	-0.594	-0.601	-0.602	-0.588	-0.572	-0.572	-0.574	-0.563	-0.637	-0.568	-0.625	-0.600	-0.588	-0.575	-0.560	-0.619	-0.579	-0.577	-0.575	-0.587	-0.415	-0.559	-0.357	-0.472	-0.430	-0.443	-0.433	-0.429	-0.437	-0.525	-0.434	-0.445	-0.433	-0.434	-0.435	-0.447	-0.637	-0.434	-0.435	-0.435	-0.435	-0.401	-0.403	-0.421	-0.568	-0.569	-0.418	-0.478	-0.576	-0.496	-0.561	-0.566	-0.648	-0.592	-0.569	-0.590	-0.648	-0.538	-0.549	-0.541	-0.632	-0.503	-0.647	-0.543	-0.475	-0.461	-0.646	-0.477	-0.594	-0.656	-0.646	-0.594	-0.595	-0.514	-0.508	-0.594	-0.518	-0.508	-0.519	-0.527	-0.516	
rs12490060     +0.522	-0.567	-0.223	-0.589	-0.545	-0.595	-0.590	-0.261	-0.188	-0.210	-0.099	-0.185	-0.201	-0.201	-0.172	-0.173	-0.173	-0.109	-0.540	-0.129	-0.561	-0.084	-0.579	-0.579	-0.583	-0.151	-0.197	-0.197	-0.193	-0.155	-0.156	-0.172	-0.514	-0.181	-0.180	-0.180	-0.617	-0.584	-0.302	-0.581	-0.554	-0.568	-0.575	-0.576	-0.562	-0.546	-0.547	-0.548	-0.538	-0.609	-0.537	-0.595	-0.570	-0.557	-0.545	-0.529	-0.589	-0.549	-0.547	-0.545	-0.557	-0.384	-0.530	-0.330	-0.442	-0.399	-0.413	-0.403	-0.399	-0.409	-0.495	-0.404	-0.417	-0.406	-0.407	-0.405	-0.420	-0.608	-0.405	-0.405	-0.406	-0.406	-0.374	-0.375	-0.391	-0.540	-0.541	-0.388	-0.450	-0.548	-0.468	-0.533	-0.538	-0.618	-0.562	-0.541	-0.560	-0.619	-0.511	-0.521	-0.514	-0.604	-0.475	-0.617	-0.516	-0.448	-0.432	-0.617	-0.449	-0.564	-0.628	-0.617	-0.565	-0.565	-0.486	-0.480	-0.565	-0.491	-0.480	-0.491	-0.499	-0.489	
rs12493486     +0.522	-0.567	-0.223	-0.589	-0.545	-0.595	-0.590	-0.261	-0.188	-0.210	-0.185	-0.099	-0.201	-0.201	-0.172	-0.172	-0.172	-0.109	-0.540	-0.129	-0.561	-0.084	-0.579	-0.579	-0.583	-0.151	-0.196	-0.197	-0.193	-0.155	-0.156	-0.172	-0.514	-0.180	-0.179	-0.180	-0.617	-0.584	-0.302	-0.581	-0.554	-0.568	-0.575	-0.576	-0.562	-0.546	-0.547	-0.548	-0.538	-0.609	-0.537	-0.595	-0.570	-0.557	-0.545	-0.529	-0.589	-0.549	-0.547	-0.545	-0.557	-0.384	-0.530	-0.330	-0.442	-0.399	-0.413	-0.403	-0.399	-0.409	-0.495	-0.404	-0.417	-0.406	-0.407	-0.405	-0.420	-0.608	-0.405	-0.405	-0.406	-0.406	-0.374	-0.375	-0.391	-0.540	-0.541	-0.388	-0.450	-0.548	-0.468	-0.533	-0.538	-0.618	-0.562	-0.541	-0.560	-0.619	-0.511	-0.521	-0.513	-0.604	-0.475	-0.617	-0.516	-0.447	-0.432	-0.616	-0.449	-0.564	-0.627	-0.617	-0.565	-0.565	-0.486	-0.480	-0.565	-0.491	-0.480	-0.491	-0.499	-0.488	
rs59446401     +0.471	-0.613	-0.288	-0.630	-0.585	-0.636	-0.631	-0.303	-0.209	-0.242	-0.201	-0.201	-0.149	-0.237	-0.176	-0.176	-0.176	-0.092	-0.577	-0.110	-0.600	-0.054	-0.619	-0.619	-0.623	-0.139	-0.207	-0.208	-0.201	-0.145	-0.147	-0.170	-0.550	-0.185	-0.183	-0.184	-0.662	-0.624	-0.341	-0.621	-0.593	-0.608	-0.615	-0.616	-0.602	-0.585	-0.585	-0.587	-0.576	-0.652	-0.584	-0.641	-0.616	-0.604	-0.591	-0.576	-0.635	-0.595	-0.593	-0.592	-0.603	-0.431	-0.575	-0.373	-0.488	-0.447	-0.461	-0.449	-0.445	-0.452	-0.541	-0.450	-0.460	-0.448	-0.449	-0.451	-0.463	-0.652	-0.450	-0.451	-0.451	-0.451	-0.417	-0.419	-0.438	-0.583	-0.585	-0.435	-0.494	-0.591	-0.512	-0.577	-0.582	-0.664	-0.607	-0.585	-0.605	-0.664	-0.554	-0.565	-0.556	-0.648	-0.518	-0.663	-0.559	-0.491	-0.477	-0.662	-0.492	-0.610	-0.672	-0.663	-0.610	-0.610	-0.530	-0.524	-0.610	-0.534	-0.525	-0.535	-0.543	-0.533	
rs56218990     +0.473	-0.611	-0.286	-0.628	-0.583	-0.634	-0.629	-0.301	-0.209	-0.242	-0.201	-0.201	-0.237	-0.146	-0.176	-0.176	-0.176	-0.093	-0.576	-0.112	-0.599	-0.055	-0.617	-0.617	-0.621	-0.140	-0.207	-0.208	-0.201	-0.145	-0.147	-0.170	-0.548	-0.185	-0.183	-0.184	-0.659	-0.622	-0.339	-0.619	-0.592	-0.606	-0.613	-0.614	-0.600	-0.583	-0.584	-0.585	-0.575	-0.650	-0.582	-0.639	-0.614	-0.602	-0.589	-0.574	-0.633	-0.593	-0.591	-0.589	-0.600	-0.428	-0.572	-0.371	-0.486	-0.445	-0.458	-0.446	-0.443	-0.450	-0.538	-0.448	-0.458	-0.446	-0.447	-0.449	-0.461	-0.650	-0.448	-0.449	-0.449	-0.449	-0.415	-0.417	-0.435	-0.581	-0.583	-0.433	-0.492	-0.589	-0.510	-0.575	-0.580	-0.661	-0.605	-0.582	-0.603	-0.662	-0.552	-0.563	-0.554	-0.646	-0.516	-0.661	-0.557	-0.489	-0.475	-0.660	-0.490	-0.608	-0.670	-0.661	-0.608	-0.608	-0.528	-0.522	-0.608	-0.532	-0.523	-0.533	-0.541	-0.531	
rs73042404     +0.542	-0.548	-0.194	-0.571	-0.528	-0.577	-0.573	-0.242	-0.177	-0.194	-0.172	-0.172	-0.176	-0.176	-0.078	-0.162	-0.162	-0.109	-0.524	-0.126	-0.545	-0.086	-0.562	-0.562	-0.566	-0.144	-0.182	-0.183	-0.180	-0.147	-0.148	-0.163	-0.499	-0.169	-0.168	-0.169	-0.598	-0.566	-0.282	-0.564	-0.538	-0.552	-0.558	-0.559	-0.546	-0.530	-0.531	-0.532	-0.522	-0.590	-0.518	-0.576	-0.550	-0.538	-0.526	-0.510	-0.570	-0.529	-0.527	-0.526	-0.538	-0.365	-0.511	-0.312	-0.423	-0.379	-0.393	-0.383	-0.379	-0.391	-0.476	-0.385	-0.399	-0.387	-0.388	-0.386	-0.401	-0.589	-0.385	-0.386	-0.386	-0.386	-0.356	-0.357	-0.371	-0.522	-0.523	-0.368	-0.432	-0.530	-0.450	-0.515	-0.519	-0.599	-0.543	-0.522	-0.541	-0.600	-0.492	-0.502	-0.495	-0.586	-0.457	-0.598	-0.497	-0.429	-0.413	-0.597	-0.431	-0.545	-0.609	-0.598	-0.546	-0.546	-0.467	-0.461	-0.546	-0.472	-0.462	-0.473	-0.481	-0.470	
rs73042405     +0.542	-0.548	-0.195	-0.571	-0.528	-0.577	-0.573	-0.242	-0.177	-0.194	-0.173	-0.172	-0.176	-0.176	-0.162	-0.078	-0.162	-0.109	-0.524	-0.126	-0.545	-0.086	-0.562	-0.562	-0.566	-0.144	-0.182	-0.183	-0.180	-0.147	-0.148	-0.163	-0.498	-0.169	-0.168	-0.169	-0.598	-0.566	-0.282	-0.564	-0.538	-0.552	-0.558	-0.559	-0.546	-0.530	-0.531	-0.532	-0.522	-0.590	-0.517	-0.576	-0.550	-0.537	-0.525	-0.510	-0.570	-0.529	-0.527	-0.526	-0.538	-0.365	-0.511	-0.312	-0.423	-0.379	-0.393	-0.383	-0.379	-0.391	-0.476	-0.385	-0.399	-0.387	-0.388	-0.386	-0.401	-0.589	-0.385	-0.386	-0.386	-0.386	-0.356	-0.357	-0.371	-0.522	-0.523	-0.368	-0.432	-0.530	-0.450	-0.515	-0.519	-0.599	-0.543	-0.522	-0.540	-0.600	-0.492	-0.502	-0.495	-0.586	-0.457	-0.598	-0.497	-0.429	-0.413	-0.597	-0.431	-0.545	-0.609	-0.598	-0.546	-0.546	-0.467	-0.461	-0.546	-0.472	-0.462	-0.473	-0.481	-0.470	
rs73042407     +0.542	-0.548	-0.195	-0.571	-0.528	-0.577	-0.573	-0.242	-0.177	-0.194	-0.173	-0.172	-0.176	-0.176	-0.162	-0.162	-0.078	-0.109	-0.524	-0.126	-0.545	-0.086	-0.562	-0.562	-0.566	-0.144	-0.182	-0.183	-0.180	-0.147	-0.148	-0.163	-0.499	-0.169	-0.168	-0.169	-0.598	-0.566	-0.282	-0.564	-0.538	-0.552	-0.558	-0.559	-0.546	-0.530	-0.531	-0.532	-0.522	-0.590	-0.517	-0.576	-0.550	-0.538	-0.526	-0.510	-0.570	-0.529	-0.527	-0.526	-0.538	-0.365	-0.511	-0.312	-0.423	-0.379	-0.393	-0.383	-0.379	-0.391	-0.476	-0.385	-0.399	-0.387	-0.388	-0.386	-0.401	-0.589	-0.385	-0.386	-0.386	-0.386	-0.356	-0.357	-0.371	-0.522	-0.523	-0.368	-0.432	-0.530	-0.450	-0.515	-0.519	-0.599	-0.543	-0.522	-0.541	-0.600	-0.492	-0.502	-0.495	-0.586	-0.457	-0.598	-0.497	-0.429	-0.413	-0.597	-0.431	-0.545	-0.609	-0.598	-0.546	-0.546	-0.467	-0.461	-0.546	-0.472	-0.462	-0.473	-0.481	-0.470	
rs73042411     +0.642	-0.448	-0.081	-0.479	-0.437	-0.485	-0.481	-0.147	-0.110	-0.116	-0.109	-0.109	-0.092	-0.093	-0.109	-0.109	-0.109	+0.031	-0.437	-0.100	-0.455	-0.082	-0.472	-0.472	-0.475	-0.102	-0.110	-0.110	-0.111	-0.103	-0.104	-0.115	-0.415	-0.109	-0.109	-0.109	-0.500	-0.475	-0.153	-0.473	-0.450	-0.462	-0.468	-0.469	-0.457	-0.442	-0.442	-0.444	-0.435	-0.495	-0.416	-0.476	-0.451	-0.437	-0.426	-0.409	-0.472	-0.430	-0.427	-0.426	-0.439	-0.264	-0.414	-0.219	-0.322	-0.274	-0.287	-0.283	-0.277	-0.297	-0.377	-0.285	-0.305	-0.294	-0.295	-0.286	-0.308	-0.492	-0.286	-0.286	-0.286	-0.286	-0.262	-0.263	-0.268	-0.428	-0.429	-0.266	-0.338	-0.435	-0.355	-0.421	-0.423	-0.500	-0.443	-0.427	-0.441	-0.501	-0.399	-0.406	-0.402	-0.491	-0.362	-0.498	-0.403	-0.335	-0.314	-0.498	-0.336	-0.447	-0.511	-0.498	-0.447	-0.448	-0.370	-0.365	-0.447	-0.377	-0.365	-0.378	-0.386	-0.373	
rs7640086      +0.057	-0.882	-0.623	-0.828	-0.717	-0.801	-0.800	-0.604	-0.544	-0.565	-0.540	-0.540	-0.577	-0.576	-0.524	-0.524	-0.524	-0.437	-0.430	-0.463	-0.777	-0.427	-0.788	-0.788	-0.791	-0.491	-0.531	-0.532	-0.526	-0.493	-0.494	-0.495	-0.585	-0.514	-0.512	-0.512	-0.797	-0.817	-0.615	-0.815	-0.794	-0.806	-0.812	-0.812	-0.801	-0.787	-0.787	-0.789	-0.748	-0.831	-0.868	-0.907	-0.893	-0.886	-0.856	-0.842	-0.887	-0.860	-0.858	-0.856	-0.851	-0.690	-0.820	-0.595	-0.755	-0.726	-0.739	-0.705	-0.720	-0.679	-0.794	-0.705	-0.688	-0.676	-0.677	-0.706	-0.691	-0.904	-0.705	-0.706	-0.706	-0.706	-0.642	-0.634	-0.714	-0.815	-0.823	-0.712	-0.724	-0.823	-0.743	-0.814	-0.824	-0.916	-0.864	-0.822	-0.863	-0.916	-0.782	-0.807	-0.792	-0.883	-0.751	-0.918	-0.796	-0.721	-0.725	-0.918	-0.724	-0.862	-0.911	-0.905	-0.862	-0.862	-0.762	-0.756	-0.862	-0.769	-0.756	-0.769	-0.778	-0.765	
rs73042415     +0.616	-0.476	-0.111	-0.505	-0.463	-0.511	-0.508	-0.171	-0.132	-0.130	-0.129	-0.129	-0.110	-0.112	-0.126	-0.126	-0.126	-0.100	-0.463	-0.001	-0.483	-0.072	-0.499	-0.499	-0.502	-0.110	-0.117	-0.117	-0.120	-0.112	-0.112	-0.120	-0.441	-0.118	-0.118	-0.118	-0.527	-0.502	-0.209	-0.500	-0.476	-0.489	-0.494	-0.495	-0.483	-0.468	-0.469	-0.470	-0.462	-0.521	-0.443	-0.503	-0.478	-0.464	-0.453	-0.437	-0.500	-0.457	-0.454	-0.453	-0.466	-0.293	-0.440	-0.243	-0.351	-0.305	-0.319	-0.311	-0.306	-0.321	-0.405	-0.313	-0.329	-0.318	-0.319	-0.314	-0.332	-0.519	-0.314	-0.314	-0.315	-0.315	-0.286	-0.286	-0.298	-0.453	-0.454	-0.295	-0.362	-0.461	-0.380	-0.446	-0.448	-0.528	-0.471	-0.452	-0.469	-0.529	-0.424	-0.432	-0.428	-0.517	-0.387	-0.526	-0.427	-0.360	-0.341	-0.525	-0.361	-0.474	-0.538	-0.526	-0.475	-0.475	-0.396	-0.391	-0.475	-0.403	-0.391	-0.403	-0.411	-0.399	
rs9818456      +0.053	-0.920	-0.649	-0.765	-0.821	-0.654	-0.662	-0.627	-0.565	-0.587	-0.561	-0.561	-0.600	-0.599	-0.545	-0.545	-0.545	-0.455	-0.777	-0.483	-0.474	-0.447	-0.627	-0.624	-0.629	-0.511	-0.552	-0.553	-0.547	-0.513	-0.514	-0.515	-0.750	-0.534	-0.532	-0.533	-0.544	-0.757	-0.641	-0.755	-0.735	-0.747	-0.756	-0.753	-0.744	-0.729	-0.730	-0.731	-0.776	-0.768	-0.915	-0.949	-0.936	-0.929	-0.903	-0.889	-0.931	-0.907	-0.905	-0.903	-0.896	-0.733	-0.847	-0.612	-0.798	-0.772	-0.785	-0.747	-0.764	-0.700	-0.836	-0.747	-0.709	-0.696	-0.697	-0.747	-0.712	-0.938	-0.746	-0.747	-0.748	-0.748	-0.661	-0.646	-0.758	-0.843	-0.856	-0.756	-0.747	-0.852	-0.767	-0.847	-0.851	-0.958	-0.906	-0.856	-0.905	-0.957	-0.809	-0.832	-0.817	-0.918	-0.777	-0.961	-0.825	-0.745	-0.765	-0.960	-0.748	-0.903	-0.947	-0.942	-0.903	-0.904	-0.788	-0.782	-0.903	-0.801	-0.783	-0.802	-0.811	-0.792	
rs116228305    +0.666	-0.436	-0.048	-0.467	-0.426	-0.473	-0.470	-0.125	-0.087	-0.091	-0.084	-0.084	-0.054	-0.055	-0.086	-0.086	-0.086	-0.082	-0.427	-0.072	-0.447	+0.044	-0.461	-0.461	-0.465	-0.087	-0.088	-0.087	-0.090	-0.087	-0.088	-0.101	-0.405	-0.090	-0.091	-0.091	-0.488	-0.464	-0.169	-0.462	-0.439	-0.451	-0.457	-0.458	-0.446	-0.432	-0.432	-0.433	-0.425	-0.482	-0.401	-0.463	-0.436	-0.422	-0.411	-0.394	-0.460	-0.415	-0.413	-0.411	-0.426	-0.252	-0.402	-0.207	-0.310	-0.262	-0.276	-0.271	-0.265	-0.285	-0.365	-0.272	-0.293	-0.282	-0.283	-0.274	-0.296	-0.480	-0.273	-0.274	-0.274	-0.274	-0.251	-0.250	-0.257	-0.414	-0.416	-0.254	-0.326	-0.422	-0.343	-0.408	-0.409	-0.488	-0.431	-0.414	-0.429	-0.489	-0.385	-0.393	-0.390	-0.478	-0.350	-0.485	-0.389	-0.323	-0.302	-0.485	-0.325	-0.435	-0.499	-0.487	-0.435	-0.435	-0.359	-0.354	-0.435	-0.365	-0.354	-0.365	-0.373	-0.362	
rs4328754      +0.031	-0.948	-0.669	-0.789	-0.838	-0.688	-0.694	-0.647	-0.583	-0.605	-0.579	-0.579	-0.619	-0.617	-0.562	-0.562	-0.562	-0.472	-0.788	-0.499	-0.627	-0.461	-0.503	-0.635	-0.649	-0.527	-0.570	-0.571	-0.565	-0.530	-0.531	-0.532	-0.758	-0.552	-0.549	-0.550	-0.613	-0.776	-0.660	-0.772	-0.743	-0.759	-0.770	-0.768	-0.755	-0.736	-0.737	-0.739	-0.785	-0.804	-0.942	-0.977	-0.964	-0.956	-0.931	-0.918	-0.959	-0.935	-0.933	-0.932	-0.924	-0.762	-0.876	-0.641	-0.826	-0.801	-0.814	-0.776	-0.791	-0.728	-0.864	-0.775	-0.737	-0.725	-0.726	-0.776	-0.740	-0.966	-0.775	-0.776	-0.776	-0.776	-0.689	-0.676	-0.786	-0.872	-0.883	-0.783	-0.775	-0.881	-0.796	-0.874	-0.881	-0.986	-0.934	-0.884	-0.933	-0.986	-0.838	-0.862	-0.845	-0.947	-0.805	-0.989	-0.854	-0.773	-0.794	-0.989	-0.776	-0.931	-0.976	-0.971	-0.932	-0.932	-0.818	-0.812	-0.932	-0.830	-0.812	-0.830	-0.839	-0.821	
rs4585138      +0.031	-0.948	-0.669	-0.788	-0.838	-0.689	-0.692	-0.647	-0.583	-0.605	-0.579	-0.579	-0.619	-0.617	-0.562	-0.562	-0.562	-0.472	-0.788	-0.499	-0.624	-0.461	-0.635	-0.503	-0.646	-0.527	-0.570	-0.571	-0.565	-0.530	-0.531	-0.532	-0.757	-0.551	-0.549	-0.550	-0.609	-0.776	-0.660	-0.772	-0.742	-0.759	-0.771	-0.768	-0.755	-0.736	-0.737	-0.739	-0.786	-0.804	-0.942	-0.977	-0.963	-0.956	-0.931	-0.917	-0.959	-0.935	-0.933	-0.931	-0.924	-0.761	-0.875	-0.640	-0.825	-0.801	-0.814	-0.775	-0.791	-0.728	-0.864	-0.775	-0.737	-0.724	-0.725	-0.776	-0.740	-0.965	-0.774	-0.775	-0.776	-0.776	-0.689	-0.676	-0.785	-0.872	-0.883	-0.783	-0.775	-0.881	-0.796	-0.874	-0.880	-0.986	-0.934	-0.884	-0.933	-0.985	-0.838	-0.862	-0.845	-0.946	-0.805	-0.989	-0.853	-0.773	-0.793	-0.988	-0.776	-0.931	-0.976	-0.970	-0.931	-0.932	-0.817	-0.811	-0.931	-0.829	-0.811	-0.830	-0.839	-0.820	
rs2362758      +0.025	-0.955	-0.673	-0.794	-0.842	-0.702	-0.703	-0.651	-0.587	-0.609	-0.583	-0.583	-0.623	-0.621	-0.566	-0.566	-0.566	-0.475	-0.791	-0.502	-0.629	-0.465	-0.649	-0.646	-0.511	-0.531	-0.574	-0.575	-0.569	-0.533	-0.534	-0.535	-0.760	-0.555	-0.553	-0.554	-0.636	-0.781	-0.664	-0.778	-0.746	-0.764	-0.776	-0.774	-0.760	-0.739	-0.740	-0.742	-0.789	-0.814	-0.949	-0.984	-0.970	-0.963	-0.938	-0.924	-0.966	-0.942	-0.940	-0.938	-0.932	-0.769	-0.883	-0.648	-0.833	-0.808	-0.821	-0.783	-0.798	-0.736	-0.871	-0.782	-0.744	-0.732	-0.733	-0.783	-0.747	-0.973	-0.782	-0.783	-0.783	-0.783	-0.696	-0.684	-0.793	-0.879	-0.890	-0.790	-0.782	-0.888	-0.803	-0.881	-0.888	-0.993	-0.941	-0.891	-0.940	-0.993	-0.845	-0.869	-0.852	-0.953	-0.812	-0.996	-0.860	-0.780	-0.801	-0.996	-0.783	-0.938	-0.983	-0.978	-0.938	-0.939	-0.824	-0.819	-0.939	-0.836	-0.819	-0.837	-0.846	-0.828	
rs73042423     +0.580	-0.509	-0.152	-0.535	-0.492	-0.541	-0.537	-0.206	-0.156	-0.166	-0.151	-0.151	-0.139	-0.140	-0.144	-0.144	-0.144	-0.102	-0.491	-0.110	-0.511	-0.087	-0.527	-0.527	-0.531	-0.036	-0.134	-0.134	-0.135	-0.118	-0.118	-0.136	-0.467	-0.130	-0.130	-0.130	-0.558	-0.531	-0.238	-0.529	-0.505	-0.517	-0.524	-0.524	-0.512	-0.497	-0.497	-0.499	-0.490	-0.552	-0.477	-0.536	-0.510	-0.497	-0.486	-0.470	-0.531	-0.490	-0.488	-0.486	-0.498	-0.325	-0.472	-0.274	-0.383	-0.338	-0.352	-0.344	-0.338	-0.353	-0.437	-0.345	-0.361	-0.349	-0.350	-0.347	-0.363	-0.551	-0.346	-0.347	-0.347	-0.347	-0.318	-0.318	-0.330	-0.485	-0.485	-0.327	-0.394	-0.492	-0.412	-0.477	-0.481	-0.560	-0.503	-0.484	-0.501	-0.561	-0.455	-0.464	-0.459	-0.548	-0.419	-0.558	-0.460	-0.391	-0.374	-0.558	-0.393	-0.506	-0.570	-0.558	-0.507	-0.507	-0.428	-0.423	-0.507	-0.434	-0.423	-0.435	-0.443	-0.431	
rs12497682     +0.528	-0.556	-0.232	-0.579	-0.535	-0.585	-0.581	-0.261	-0.202	-0.218	-0.197	-0.196	-0.207	-0.207	-0.182	-0.182	-0.182	-0.110	-0.531	-0.117	-0.552	-0.088	-0.570	-0.570	-0.574	-0.134	-0.087	-0.172	-0.169	-0.137	-0.138	-0.157	-0.506	-0.163	-0.162	-0.163	-0.605	-0.574	-0.288	-0.571	-0.546	-0.559	-0.566	-0.567	-0.554	-0.538	-0.538	-0.540	-0.530	-0.598	-0.526	-0.584	-0.559	-0.546	-0.534	-0.518	-0.579	-0.538	-0.536	-0.534	-0.546	-0.373	-0.518	-0.319	-0.431	-0.388	-0.402	-0.392	-0.387	-0.398	-0.484	-0.393	-0.406	-0.394	-0.395	-0.394	-0.408	-0.597	-0.394	-0.394	-0.395	-0.395	-0.362	-0.363	-0.379	-0.530	-0.530	-0.377	-0.439	-0.538	-0.457	-0.522	-0.527	-0.607	-0.551	-0.530	-0.549	-0.608	-0.501	-0.510	-0.503	-0.594	-0.464	-0.606	-0.505	-0.436	-0.421	-0.605	-0.438	-0.554	-0.617	-0.606	-0.554	-0.554	-0.474	-0.469	-0.554	-0.480	-0.469	-0.480	-0.488	-0.477	
rs11717800     +0.527	-0.557	-0.234	-0.580	-0.536	-0.586	-0.582	-0.262	-0.203	-0.219	-0.197	-0.197	-0.208	-0.208	-0.183	-0.183	-0.183	-0.110	-0.532	-0.117	-0.553	-0.087	-0.571	-0.571	-0.575	-0.134	-0.172	-0.089	-0.170	-0.137	-0.138	-0.157	-0.507	-0.164	-0.162	-0.163	-0.606	-0.575	-0.289	-0.572	-0.547	-0.560	-0.567	-0.568	-0.555	-0.539	-0.539	-0.541	-0.531	-0.599	-0.527	-0.585	-0.560	-0.547	-0.535	-0.519	-0.580	-0.539	-0.537	-0.535	-0.547	-0.374	-0.519	-0.320	-0.432	-0.389	-0.403	-0.393	-0.388	-0.399	-0.485	-0.394	-0.407	-0.395	-0.396	-0.395	-0.409	-0.598	-0.395	-0.395	-0.396	-0.396	-0.363	-0.364	-0.380	-0.531	-0.531	-0.378	-0.440	-0.539	-0.458	-0.523	-0.528	-0.608	-0.552	-0.531	-0.550	-0.609	-0.502	-0.511	-0.504	-0.595	-0.465	-0.607	-0.506	-0.437	-0.422	-0.607	-0.439	-0.555	-0.618	-0.607	-0.555	-0.555	-0.475	-0.470	-0.555	-0.481	-0.470	-0.481	-0.490	-0.478	
rs11706498     +0.534	-0.550	-0.225	-0.573	-0.530	-0.580	-0.575	-0.255	-0.199	-0.213	-0.193	-0.193	-0.201	-0.201	-0.180	-0.180	-0.180	-0.111	-0.526	-0.120	-0.547	-0.090	-0.565	-0.565	-0.569	-0.135	-0.169	-0.170	-0.081	-0.138	-0.139	-0.157	-0.501	-0.162	-0.161	-0.162	-0.599	-0.569	-0.283	-0.566	-0.541	-0.554	-0.561	-0.562	-0.549	-0.533	-0.534	-0.535	-0.525	-0.592	-0.520	-0.578	-0.553	-0.540	-0.528	-0.512	-0.573	-0.532	-0.530	-0.528	-0.540	-0.367	-0.512	-0.313	-0.425	-0.382	-0.395	-0.386	-0.381	-0.392	-0.478	-0.387	-0.400	-0.388	-0.389	-0.388	-0.403	-0.591	-0.388	-0.388	-0.389	-0.389	-0.357	-0.358	-0.373	-0.524	-0.525	-0.371	-0.433	-0.532	-0.451	-0.517	-0.521	-0.601	-0.545	-0.524	-0.543	-0.602	-0.495	-0.504	-0.498	-0.588	-0.458	-0.600	-0.500	-0.430	-0.415	-0.600	-0.432	-0.548	-0.611	-0.600	-0.548	-0.548	-0.469	-0.463	-0.548	-0.474	-0.463	-0.475	-0.483	-0.471	
rs141230493    +0.578	-0.511	-0.159	-0.537	-0.495	-0.544	-0.540	-0.210	-0.160	-0.170	-0.155	-0.155	-0.145	-0.145	-0.147	-0.147	-0.147	-0.103	-0.493	-0.112	-0.513	-0.087	-0.530	-0.530	-0.533	-0.118	-0.137	-0.137	-0.138	-0.039	-0.120	-0.137	-0.469	-0.132	-0.131	-0.131	-0.561	-0.534	-0.240	-0.531	-0.507	-0.520	-0.526	-0.527	-0.514	-0.499	-0.500	-0.501	-0.492	-0.555	-0.480	-0.539	-0.513	-0.500	-0.488	-0.473	-0.534	-0.492	-0.490	-0.489	-0.501	-0.328	-0.475	-0.277	-0.386	-0.341	-0.354	-0.347	-0.341	-0.356	-0.440	-0.348	-0.364	-0.352	-0.353	-0.349	-0.366	-0.553	-0.349	-0.349	-0.350	-0.350	-0.321	-0.321	-0.333	-0.487	-0.488	-0.330	-0.397	-0.495	-0.414	-0.480	-0.483	-0.563	-0.506	-0.487	-0.504	-0.563	-0.458	-0.467	-0.461	-0.551	-0.421	-0.561	-0.462	-0.394	-0.377	-0.560	-0.395	-0.509	-0.573	-0.561	-0.509	-0.510	-0.431	-0.426	-0.510	-0.437	-0.426	-0.438	-0.446	-0.434	
rs12486071     +0.577	-0.512	-0.160	-0.538	-0.496	-0.544	-0.540	-0.211	-0.161	-0.172	-0.156	-0.156	-0.147	-0.147	-0.148	-0.148	-0.148	-0.104	-0.494	-0.112	-0.514	-0.088	-0.531	-0.531	-0.534	-0.118	-0.138	-0.138	-0.139	-0.120	-0.040	-0.138	-0.470	-0.132	-0.131	-0.132	-0.562	-0.535	-0.241	-0.532	-0.508	-0.521	-0.527	-0.528	-0.515	-0.500	-0.501	-0.502	-0.493	-0.556	-0.480	-0.540	-0.514	-0.501	-0.489	-0.473	-0.535	-0.493	-0.491	-0.490	-0.502	-0.329	-0.476	-0.278	-0.386	-0.342	-0.355	-0.347	-0.342	-0.357	-0.440	-0.349	-0.364	-0.353	-0.354	-0.350	-0.367	-0.554	-0.350	-0.350	-0.351	-0.351	-0.321	-0.322	-0.334	-0.488	-0.489	-0.331	-0.397	-0.496	-0.415	-0.481	-0.484	-0.563	-0.507	-0.488	-0.505	-0.564	-0.459	-0.468	-0.462	-0.552	-0.422	-0.562	-0.463	-0.395	-0.377	-0.561	-0.396	-0.510	-0.574	-0.562	-0.510	-0.511	-0.432	-0.427	-0.511	-0.438	-0.427	-0.438	-0.447	-0.435	
rs6770624      +0.574	-0.512	-0.181	-0.539	-0.497	-0.545	-0.541	-0.219	-0.176	-0.178	-0.172	-0.172	-0.170	-0.170	-0.163	-0.163	-0.163	-0.115	-0.495	-0.120	-0.515	-0.101	-0.532	-0.532	-0.535	-0.136	-0.157	-0.157	-0.157	-0.137	-0.138	-0.041	-0.471	-0.150	-0.149	-0.149	-0.562	-0.536	-0.247	-0.533	-0.509	-0.522	-0.528	-0.529	-0.516	-0.501	-0.502	-0.503	-0.494	-0.556	-0.481	-0.540	-0.514	-0.501	-0.489	-0.473	-0.535	-0.493	-0.491	-0.489	-0.502	-0.329	-0.475	-0.277	-0.387	-0.342	-0.356	-0.348	-0.343	-0.356	-0.441	-0.350	-0.364	-0.352	-0.353	-0.351	-0.366	-0.555	-0.350	-0.351	-0.351	-0.351	-0.320	-0.320	-0.334	-0.488	-0.489	-0.332	-0.397	-0.496	-0.415	-0.481	-0.484	-0.564	-0.508	-0.488	-0.506	-0.565	-0.459	-0.467	-0.462	-0.552	-0.422	-0.563	-0.463	-0.394	-0.377	-0.562	-0.396	-0.511	-0.574	-0.562	-0.511	-0.511	-0.431	-0.426	-0.511	-0.438	-0.426	-0.438	-0.447	-0.434	
rs75270372     +0.079	-0.839	-0.593	-0.794	-0.668	-0.767	-0.766	-0.575	-0.517	-0.538	-0.514	-0.514	-0.550	-0.548	-0.499	-0.498	-0.499	-0.415	-0.585	-0.441	-0.750	-0.405	-0.758	-0.757	-0.760	-0.467	-0.506	-0.507	-0.501	-0.469	-0.470	-0.471	-0.384	-0.489	-0.487	-0.488	-0.751	-0.783	-0.586	-0.783	-0.766	-0.775	-0.781	-0.780	-0.771	-0.760	-0.760	-0.761	-0.725	-0.790	-0.823	-0.863	-0.850	-0.842	-0.809	-0.794	-0.842	-0.813	-0.811	-0.809	-0.805	-0.646	-0.780	-0.557	-0.712	-0.683	-0.696	-0.661	-0.677	-0.640	-0.750	-0.661	-0.648	-0.636	-0.637	-0.662	-0.651	-0.862	-0.660	-0.661	-0.662	-0.662	-0.603	-0.594	-0.671	-0.777	-0.783	-0.668	-0.684	-0.785	-0.703	-0.774	-0.786	-0.872	-0.821	-0.783	-0.819	-0.872	-0.744	-0.769	-0.752	-0.838	-0.711	-0.875	-0.752	-0.681	-0.681	-0.875	-0.684	-0.818	-0.869	-0.864	-0.819	-0.819	-0.722	-0.717	-0.819	-0.731	-0.717	-0.731	-0.740	-0.725	
rs12489628     +0.551	-0.536	-0.203	-0.560	-0.517	-0.566	-0.562	-0.240	-0.186	-0.200	-0.181	-0.180	-0.185	-0.185	-0.169	-0.169	-0.169	-0.109	-0.514	-0.118	-0.534	-0.090	-0.552	-0.551	-0.555	-0.130	-0.163	-0.164	-0.162	-0.132	-0.132	-0.150	-0.489	-0.065	-0.149	-0.149	-0.585	-0.556	-0.266	-0.553	-0.528	-0.541	-0.548	-0.549	-0.536	-0.520	-0.521	-0.522	-0.513	-0.578	-0.505	-0.563	-0.538	-0.525	-0.513	-0.497	-0.558	-0.517	-0.515	-0.513	-0.525	-0.352	-0.498	-0.300	-0.410	-0.366	-0.380	-0.371	-0.366	-0.379	-0.464	-0.372	-0.387	-0.375	-0.376	-0.374	-0.389	-0.577	-0.373	-0.374	-0.374	-0.374	-0.343	-0.344	-0.358	-0.510	-0.511	-0.355	-0.420	-0.518	-0.438	-0.503	-0.507	-0.587	-0.530	-0.510	-0.528	-0.587	-0.481	-0.490	-0.484	-0.574	-0.444	-0.586	-0.486	-0.417	-0.401	-0.585	-0.418	-0.533	-0.597	-0.585	-0.533	-0.534	-0.455	-0.449	-0.534	-0.460	-0.450	-0.461	-0.469	-0.458	
rs73042429     +0.555	-0.533	-0.200	-0.558	-0.515	-0.564	-0.560	-0.238	-0.185	-0.198	-0.180	-0.179	-0.183	-0.183	-0.168	-0.168	-0.168	-0.109	-0.512	-0.118	-0.532	-0.091	-0.549	-0.549	-0.553	-0.130	-0.162	-0.162	-0.161	-0.131	-0.131	-0.149	-0.487	-0.149	-0.062	-0.145	-0.582	-0.554	-0.261	-0.551	-0.526	-0.539	-0.546	-0.547	-0.534	-0.518	-0.519	-0.520	-0.511	-0.576	-0.502	-0.560	-0.535	-0.522	-0.510	-0.494	-0.556	-0.514	-0.512	-0.511	-0.523	-0.350	-0.496	-0.298	-0.407	-0.363	-0.377	-0.368	-0.363	-0.377	-0.461	-0.370	-0.385	-0.373	-0.374	-0.371	-0.387	-0.575	-0.371	-0.371	-0.372	-0.371	-0.341	-0.342	-0.355	-0.508	-0.509	-0.352	-0.418	-0.516	-0.435	-0.501	-0.505	-0.584	-0.528	-0.508	-0.526	-0.585	-0.479	-0.488	-0.482	-0.572	-0.442	-0.583	-0.484	-0.415	-0.398	-0.582	-0.416	-0.531	-0.594	-0.583	-0.531	-0.531	-0.453	-0.447	-0.531	-0.458	-0.447	-0.459	-0.467	-0.455	
rs73042432     +0.554	-0.534	-0.202	-0.558	-0.515	-0.564	-0.560	-0.239	-0.186	-0.199	-0.180	-0.180	-0.184	-0.184	-0.169	-0.169	-0.169	-0.109	-0.512	-0.118	-0.533	-0.091	-0.550	-0.550	-0.554	-0.130	-0.163	-0.163	-0.162	-0.131	-0.132	-0.149	-0.488	-0.149	-0.145	-0.063	-0.583	-0.554	-0.262	-0.552	-0.527	-0.540	-0.546	-0.547	-0.534	-0.519	-0.519	-0.521	-0.511	-0.577	-0.503	-0.561	-0.536	-0.523	-0.511	-0.495	-0.557	-0.515	-0.513	-0.511	-0.524	-0.351	-0.497	-0.298	-0.408	-0.364	-0.378	-0.369	-0.364	-0.377	-0.462	-0.371	-0.385	-0.374	-0.375	-0.372	-0.388	-0.576	-0.371	-0.372	-0.372	-0.372	-0.342	-0.343	-0.356	-0.509	-0.509	-0.353	-0.418	-0.517	-0.436	-0.502	-0.506	-0.585	-0.528	-0.509	-0.526	-0.586	-0.480	-0.489	-0.483	-0.573	-0.443	-0.584	-0.484	-0.416	-0.399	-0.583	-0.417	-0.532	-0.595	-0.584	-0.532	-0.532	-0.453	-0.448	-0.532	-0.459	-0.448	-0.459	-0.468	-0.456	
rs6550885      -0.033	-1.049	-0.720	-0.844	-0.881	-0.758	-0.740	-0.696	-0.622	-0.646	-0.617	-0.617	-0.662	-0.659	-0.598	-0.598	-0.598	-0.500	-0.797	-0.527	-0.544	-0.488	-0.613	-0.609	-0.636	-0.558	-0.605	-0.606	-0.599	-0.561	-0.562	-0.562	-0.751	-0.585	-0.582	-0.583	-0.609	-0.738	-0.705	-0.729	-0.641	-0.689	-0.722	-0.720	-0.680	-0.628	-0.631	-0.637	-0.757	-0.907	-1.039	-1.077	-1.061	-1.054	-1.032	-1.019	-1.060	-1.036	-1.034	-1.032	-1.029	-0.863	-0.983	-0.748	-0.926	-0.906	-0.918	-0.878	-0.892	-0.835	-0.966	-0.878	-0.844	-0.831	-0.832	-0.878	-0.846	-1.067	-0.877	-0.878	-0.879	-0.879	-0.796	-0.793	-0.886	-0.977	-0.982	-0.883	-0.881	-0.986	-0.902	-0.973	-0.989	-1.088	-1.036	-0.987	-1.034	-1.087	-0.944	-0.970	-0.946	-1.049	-0.910	-1.093	-0.959	-0.878	-0.898	-1.092	-0.881	-1.034	-1.083	-1.080	-1.034	-1.034	-0.927	-0.921	-1.034	-0.932	-0.921	-0.932	-0.941	-0.930	
rs9816563      +0.043	-0.958	-0.675	-0.846	-0.859	-0.806	-0.803	-0.652	-0.588	-0.610	-0.584	-0.584	-0.624	-0.622	-0.566	-0.566	-0.566	-0.475	-0.817	-0.502	-0.757	-0.464	-0.776	-0.776	-0.781	-0.531	-0.574	-0.575	-0.569	-0.534	-0.535	-0.536	-0.783	-0.556	-0.554	-0.554	-0.738	-0.515	-0.666	-0.657	-0.598	-0.637	-0.665	-0.659	-0.639	-0.599	-0.601	-0.609	-0.740	-0.779	-0.955	-0.988	-0.976	-0.969	-0.948	-0.934	-0.972	-0.951	-0.949	-0.948	-0.938	-0.773	-0.895	-0.647	-0.837	-0.811	-0.823	-0.787	-0.803	-0.736	-0.876	-0.787	-0.745	-0.732	-0.733	-0.788	-0.748	-0.980	-0.786	-0.787	-0.788	-0.788	-0.696	-0.682	-0.797	-0.878	-0.893	-0.795	-0.783	-0.887	-0.804	-0.883	-0.898	-0.996	-0.946	-0.892	-0.944	-0.995	-0.844	-0.880	-0.853	-0.953	-0.813	-1.003	-0.868	-0.781	-0.806	-1.003	-0.784	-0.943	-0.984	-0.985	-0.944	-0.944	-0.824	-0.818	-0.944	-0.837	-0.818	-0.837	-0.846	-0.827	
rs73042457     +0.394	-0.668	-0.386	-0.672	-0.624	-0.678	-0.673	-0.378	-0.307	-0.331	-0.302	-0.302	-0.341	-0.339	-0.282	-0.282	-0.282	-0.153	-0.615	-0.209	-0.641	-0.169	-0.660	-0.660	-0.664	-0.238	-0.288	-0.289	-0.283	-0.240	-0.241	-0.247	-0.586	-0.266	-0.261	-0.262	-0.705	-0.666	-0.200	-0.663	-0.634	-0.649	-0.656	-0.658	-0.643	-0.626	-0.626	-0.628	-0.616	-0.696	-0.638	-0.692	-0.669	-0.658	-0.646	-0.631	-0.684	-0.650	-0.648	-0.646	-0.653	-0.478	-0.619	-0.416	-0.534	-0.493	-0.506	-0.496	-0.492	-0.496	-0.588	-0.497	-0.504	-0.493	-0.494	-0.499	-0.507	-0.701	-0.498	-0.499	-0.499	-0.499	-0.461	-0.462	-0.484	-0.634	-0.629	-0.481	-0.538	-0.642	-0.556	-0.621	-0.632	-0.710	-0.653	-0.628	-0.651	-0.710	-0.605	-0.616	-0.607	-0.696	-0.563	-0.709	-0.609	-0.535	-0.526	-0.708	-0.537	-0.657	-0.721	-0.708	-0.657	-0.657	-0.575	-0.569	-0.657	-0.577	-0.569	-0.578	-0.586	-0.578	
rs6771221      +0.049	-0.952	-0.671	-0.842	-0.856	-0.800	-0.798	-0.649	-0.585	-0.607	-0.581	-0.581	-0.621	-0.619	-0.564	-0.564	-0.564	-0.473	-0.815	-0.500	-0.755	-0.462	-0.772	-0.772	-0.778	-0.529	-0.571	-0.572	-0.566	-0.531	-0.532	-0.533	-0.783	-0.553	-0.551	-0.552	-0.729	-0.657	-0.663	-0.509	-0.577	-0.618	-0.650	-0.641	-0.624	-0.583	-0.586	-0.595	-0.738	-0.768	-0.949	-0.982	-0.970	-0.963	-0.942	-0.928	-0.965	-0.945	-0.943	-0.942	-0.932	-0.767	-0.889	-0.641	-0.831	-0.804	-0.817	-0.781	-0.797	-0.729	-0.870	-0.781	-0.738	-0.725	-0.726	-0.781	-0.741	-0.974	-0.780	-0.781	-0.782	-0.782	-0.690	-0.675	-0.791	-0.871	-0.887	-0.789	-0.777	-0.881	-0.798	-0.877	-0.891	-0.990	-0.940	-0.885	-0.938	-0.989	-0.837	-0.873	-0.847	-0.947	-0.807	-0.997	-0.862	-0.775	-0.800	-0.997	-0.777	-0.937	-0.977	-0.978	-0.937	-0.938	-0.817	-0.811	-0.938	-0.830	-0.811	-0.831	-0.840	-0.820	
rs7644196      +0.087	-0.908	-0.641	-0.804	-0.826	-0.757	-0.758	-0.619	-0.558	-0.580	-0.554	-0.554	-0.593	-0.592	-0.538	-0.538	-0.538	-0.450	-0.794	-0.476	-0.735	-0.439	-0.743	-0.742	-0.746	-0.505	-0.546	-0.547	-0.541	-0.507	-0.508	-0.509	-0.766	-0.528	-0.526	-0.527	-0.641	-0.598	-0.634	-0.577	-0.463	-0.597	-0.589	-0.584	-0.598	-0.596	-0.597	-0.601	-0.723	-0.695	-0.906	-0.938	-0.927	-0.920	-0.898	-0.885	-0.921	-0.901	-0.899	-0.898	-0.887	-0.722	-0.844	-0.593	-0.787	-0.759	-0.771	-0.736	-0.753	-0.683	-0.825	-0.736	-0.692	-0.679	-0.680	-0.736	-0.695	-0.930	-0.735	-0.736	-0.736	-0.737	-0.642	-0.625	-0.747	-0.825	-0.843	-0.745	-0.730	-0.835	-0.751	-0.833	-0.846	-0.945	-0.895	-0.840	-0.894	-0.944	-0.791	-0.828	-0.802	-0.902	-0.761	-0.953	-0.817	-0.729	-0.755	-0.952	-0.731	-0.893	-0.930	-0.932	-0.893	-0.893	-0.769	-0.763	-0.893	-0.785	-0.763	-0.786	-0.795	-0.773	
rs17787397     +0.068	-0.930	-0.657	-0.824	-0.842	-0.780	-0.780	-0.635	-0.572	-0.594	-0.568	-0.568	-0.608	-0.606	-0.552	-0.552	-0.552	-0.462	-0.806	-0.489	-0.747	-0.451	-0.759	-0.759	-0.764	-0.517	-0.559	-0.560	-0.554	-0.520	-0.521	-0.522	-0.775	-0.541	-0.539	-0.540	-0.689	-0.637	-0.649	-0.618	-0.597	-0.486	-0.632	-0.616	-0.621	-0.598	-0.600	-0.606	-0.733	-0.732	-0.928	-0.961	-0.949	-0.942	-0.920	-0.907	-0.944	-0.923	-0.922	-0.920	-0.910	-0.745	-0.867	-0.617	-0.809	-0.782	-0.795	-0.759	-0.775	-0.706	-0.848	-0.759	-0.715	-0.702	-0.703	-0.759	-0.718	-0.952	-0.758	-0.759	-0.760	-0.760	-0.666	-0.650	-0.770	-0.849	-0.865	-0.767	-0.754	-0.858	-0.775	-0.856	-0.869	-0.968	-0.918	-0.863	-0.916	-0.967	-0.814	-0.851	-0.825	-0.925	-0.784	-0.975	-0.840	-0.752	-0.778	-0.975	-0.755	-0.915	-0.954	-0.955	-0.916	-0.916	-0.793	-0.787	-0.916	-0.808	-0.788	-0.808	-0.818	-0.797	
rs6767967      +0.059	-0.942	-0.664	-0.836	-0.850	-0.794	-0.793	-0.642	-0.579	-0.601	-0.575	-0.575	-0.615	-0.613	-0.558	-0.558	-0.558	-0.468	-0.812	-0.494	-0.756	-0.457	-0.770	-0.771	-0.776	-0.524	-0.566	-0.567	-0.561	-0.526	-0.527	-0.528	-0.781	-0.548	-0.546	-0.546	-0.722	-0.665	-0.656	-0.650	-0.589	-0.632	-0.498	-0.641	-0.621	-0.590	-0.593	-0.600	-0.735	-0.753	-0.939	-0.972	-0.960	-0.953	-0.931	-0.918	-0.955	-0.935	-0.933	-0.931	-0.921	-0.756	-0.878	-0.630	-0.821	-0.794	-0.807	-0.771	-0.787	-0.719	-0.859	-0.770	-0.728	-0.715	-0.716	-0.771	-0.731	-0.964	-0.770	-0.771	-0.771	-0.771	-0.679	-0.664	-0.781	-0.861	-0.876	-0.778	-0.766	-0.870	-0.787	-0.867	-0.881	-0.979	-0.929	-0.875	-0.928	-0.978	-0.827	-0.863	-0.837	-0.937	-0.796	-0.987	-0.852	-0.764	-0.790	-0.986	-0.767	-0.927	-0.966	-0.968	-0.927	-0.927	-0.806	-0.800	-0.927	-0.820	-0.800	-0.820	-0.830	-0.810	
rs4544557      +0.056	-0.944	-0.666	-0.836	-0.851	-0.794	-0.792	-0.644	-0.580	-0.602	-0.576	-0.576	-0.616	-0.614	-0.559	-0.559	-0.559	-0.469	-0.812	-0.495	-0.753	-0.458	-0.768	-0.768	-0.774	-0.524	-0.567	-0.568	-0.562	-0.527	-0.528	-0.529	-0.780	-0.549	-0.547	-0.547	-0.720	-0.659	-0.658	-0.641	-0.584	-0.616	-0.641	-0.501	-0.616	-0.578	-0.582	-0.590	-0.735	-0.751	-0.941	-0.974	-0.962	-0.956	-0.934	-0.921	-0.958	-0.937	-0.935	-0.934	-0.924	-0.759	-0.881	-0.632	-0.823	-0.796	-0.809	-0.773	-0.789	-0.721	-0.862	-0.773	-0.730	-0.717	-0.718	-0.774	-0.733	-0.966	-0.772	-0.773	-0.774	-0.774	-0.681	-0.666	-0.784	-0.863	-0.879	-0.781	-0.769	-0.873	-0.789	-0.870	-0.883	-0.982	-0.932	-0.877	-0.930	-0.981	-0.829	-0.865	-0.839	-0.939	-0.799	-0.989	-0.854	-0.767	-0.792	-0.989	-0.769	-0.929	-0.969	-0.970	-0.930	-0.930	-0.808	-0.802	-0.930	-0.822	-0.803	-0.823	-0.832	-0.812	
rs9811110      +0.075	-0.922	-0.650	-0.817	-0.836	-0.774	-0.774	-0.628	-0.566	-0.588	-0.562	-0.562	-0.602	-0.600	-0.546	-0.546	-0.546	-0.457	-0.801	-0.483	-0.744	-0.446	-0.755	-0.755	-0.760	-0.512	-0.554	-0.555	-0.549	-0.514	-0.515	-0.516	-0.771	-0.536	-0.534	-0.534	-0.680	-0.639	-0.643	-0.624	-0.598	-0.621	-0.621	-0.616	-0.477	-0.580	-0.582	-0.587	-0.726	-0.710	-0.920	-0.952	-0.941	-0.934	-0.912	-0.899	-0.935	-0.915	-0.913	-0.912	-0.901	-0.737	-0.858	-0.609	-0.801	-0.773	-0.786	-0.751	-0.767	-0.698	-0.839	-0.750	-0.707	-0.694	-0.695	-0.751	-0.710	-0.944	-0.750	-0.750	-0.751	-0.751	-0.658	-0.641	-0.761	-0.840	-0.857	-0.759	-0.745	-0.850	-0.766	-0.848	-0.861	-0.959	-0.910	-0.855	-0.908	-0.958	-0.806	-0.843	-0.817	-0.917	-0.776	-0.967	-0.832	-0.744	-0.769	-0.966	-0.746	-0.907	-0.945	-0.947	-0.907	-0.907	-0.785	-0.779	-0.907	-0.800	-0.779	-0.800	-0.810	-0.788	
