## Summary of overall evidence for association with region:
## log10(BF for region) = 11.8985
## p-value for region = NA

## BFs for choosing among multi-SNP models:
## log10(average 1-SNP BF) = 9.81781
## log10(average 2-SNP BF) = 12.3732

## Example posterior probabilities for multi-SNP models, based on default prior: [p(l) propto 0.5^l for l=1,2,...,L]
## posterior probability of 1-SNP = 0.00553689
## posterior probability of 2-SNP = 0.994463

## log10(BF) for single SNP and pair of SNPs:
rs629991       -0.606	-0.744	-0.628	-0.626	-0.745	-0.751	-0.751	-0.545	-0.762	-0.764	-0.764	+1.793	-0.428	-0.748	+1.729	-0.751	+1.153	-0.199	-0.775	+0.745	-0.274	+1.179	+1.178	+1.167	+1.118	+1.063	+1.371	+1.390	+1.376	+1.320	+2.328	+0.648	+5.677	+1.773	+5.781	+5.792	+5.765	+1.884	+2.110	+1.733	+1.480	+1.678	+0.770	+1.903	+1.893	+1.885	+7.106	+1.722	+6.681	+1.687	+1.682	+1.699	+1.726	+1.717	+2.062	+1.700	+1.768	+1.764	+2.130	+2.281	+2.291	+2.303	+1.636	+6.355	+0.967	+2.684	+0.772	+2.563	+6.266	+3.629	+0.863	+0.844	+2.536	+6.244	+1.523	+6.294	+0.905	+6.273	+6.460	+3.152	+0.898	+0.508	+0.902	+0.339	+3.258	+6.401	+0.902	+0.902	+3.089	+0.941	+6.451	+3.306	+3.335	+0.837	+2.540	+0.616	+3.602	+3.358	+6.676	+6.693	+3.121	+6.959	+3.345	+7.049	+6.980	+3.319	+1.178	+3.319	+7.138	+1.134	+0.943	+1.135	+7.153	+3.302	+7.346	+1.208	+1.211	+1.211	+1.256	+1.219	+1.109	+1.741	+3.296	+6.708	+3.318	+6.577	+6.304	+5.143	-0.559	+5.119	-0.495	+3.521	-0.161	+3.455	+3.450	+6.541	+7.616	+2.989	+10.175	+10.284	+8.845	+9.986	+2.292	+9.111	+9.137	+8.914	+9.648	+9.905	+9.954	+9.949	+9.944	+1.966	+2.398	+9.080	+10.165	+9.225	+10.095	+10.090	+10.001	+9.156	+9.241	+9.878	+9.239	+9.179	+9.773	+1.203	+1.728	+8.535	+8.384	+9.209	+9.244	+8.371	
rs475099       -0.744	-0.610	-0.608	-0.606	-0.743	-0.741	-0.747	-0.523	-0.740	-0.742	-0.744	+1.838	-0.404	-0.754	+1.774	-0.756	+1.193	-0.214	-0.780	+0.757	-0.288	+1.220	+1.218	+1.207	+1.157	+1.101	+1.412	+1.431	+1.416	+1.360	+2.368	+0.620	+5.707	+1.763	+5.812	+5.823	+5.796	+1.875	+2.130	+1.751	+1.497	+1.695	+0.795	+1.921	+1.911	+1.903	+7.145	+1.739	+6.718	+1.704	+1.699	+1.716	+1.744	+1.734	+2.052	+1.717	+1.785	+1.781	+2.120	+2.271	+2.281	+2.293	+1.652	+6.386	+0.979	+2.674	+0.782	+2.553	+6.296	+3.618	+0.874	+0.855	+2.535	+6.275	+1.539	+6.326	+0.916	+6.304	+6.491	+3.141	+0.909	+0.529	+0.913	+0.346	+3.248	+6.432	+0.913	+0.913	+3.079	+0.952	+6.482	+3.296	+3.325	+0.847	+2.529	+0.627	+3.602	+3.348	+6.708	+6.725	+3.111	+6.991	+3.334	+7.082	+7.013	+3.309	+1.190	+3.309	+7.171	+1.146	+0.968	+1.147	+7.187	+3.291	+7.379	+1.220	+1.223	+1.223	+1.268	+1.231	+1.121	+1.757	+3.285	+6.740	+3.307	+6.608	+6.334	+5.142	-0.562	+5.119	-0.498	+3.512	-0.162	+3.446	+3.440	+6.546	+7.621	+2.980	+10.192	+10.301	+8.858	+10.003	+2.315	+9.124	+9.150	+8.926	+9.661	+9.921	+9.971	+9.965	+9.960	+1.956	+2.422	+9.092	+10.181	+9.237	+10.112	+10.107	+10.014	+9.172	+9.253	+9.894	+9.255	+9.191	+9.785	+1.209	+1.718	+8.568	+8.416	+9.247	+9.282	+8.382	
rs657270       -0.628	-0.608	-0.292	-0.407	-0.609	-0.617	-0.612	-0.400	-0.633	-0.636	-0.633	+1.953	-0.485	-0.502	+1.832	-0.499	+0.863	+0.096	-0.519	+0.717	+0.019	+0.887	+0.886	+0.880	+0.841	+0.801	+1.076	+1.092	+1.081	+1.036	+2.200	+0.498	+5.544	+2.372	+5.647	+5.659	+5.632	+2.475	+2.025	+1.660	+1.411	+1.606	+0.688	+1.826	+1.816	+1.808	+6.978	+1.651	+6.549	+1.617	+1.613	+1.629	+1.656	+1.647	+2.661	+1.631	+1.696	+1.692	+2.734	+2.893	+2.904	+2.917	+1.571	+6.233	+0.950	+3.305	+0.769	+3.169	+6.144	+4.276	+0.854	+0.836	+2.765	+6.112	+1.462	+6.162	+0.895	+6.142	+6.333	+3.780	+0.889	+0.475	+0.893	+0.382	+3.890	+6.270	+0.893	+0.893	+3.705	+0.931	+6.323	+3.938	+3.967	+0.833	+3.202	+0.620	+3.837	+3.991	+6.548	+6.566	+3.735	+6.831	+3.961	+6.922	+6.852	+3.950	+1.154	+3.950	+7.010	+1.112	+0.861	+1.113	+7.026	+3.931	+7.224	+1.183	+1.185	+1.185	+1.229	+1.194	+1.089	+1.676	+3.925	+6.575	+3.948	+6.442	+6.173	+5.325	-0.316	+5.301	-0.257	+4.143	+0.044	+4.073	+4.068	+6.647	+7.715	+3.571	+10.075	+10.187	+8.893	+9.897	+2.130	+9.157	+9.183	+8.960	+9.644	+9.820	+9.868	+9.862	+9.858	+2.452	+2.227	+9.121	+10.079	+9.268	+10.011	+10.006	+9.998	+9.108	+9.284	+9.801	+9.191	+9.224	+9.775	+1.324	+2.201	+8.289	+8.138	+8.972	+9.006	+8.423	
rs658573       -0.626	-0.606	-0.407	-0.290	-0.606	-0.615	-0.609	-0.401	-0.631	-0.633	-0.630	+1.949	-0.484	-0.501	+1.828	-0.498	+0.864	+0.098	-0.517	+0.718	+0.021	+0.888	+0.887	+0.880	+0.841	+0.802	+1.076	+1.092	+1.081	+1.037	+2.198	+0.499	+5.543	+2.375	+5.646	+5.658	+5.631	+2.477	+2.025	+1.660	+1.411	+1.606	+0.689	+1.826	+1.816	+1.808	+6.977	+1.651	+6.548	+1.617	+1.613	+1.629	+1.656	+1.647	+2.664	+1.631	+1.696	+1.692	+2.737	+2.896	+2.907	+2.920	+1.571	+6.232	+0.951	+3.308	+0.770	+3.172	+6.144	+4.278	+0.855	+0.837	+2.767	+6.111	+1.462	+6.161	+0.896	+6.141	+6.332	+3.783	+0.889	+0.476	+0.893	+0.383	+3.893	+6.269	+0.894	+0.894	+3.708	+0.931	+6.323	+3.941	+3.969	+0.833	+3.205	+0.621	+3.839	+3.994	+6.548	+6.565	+3.737	+6.830	+3.964	+6.921	+6.852	+3.952	+1.154	+3.953	+7.010	+1.113	+0.862	+1.114	+7.025	+3.934	+7.223	+1.183	+1.186	+1.186	+1.229	+1.195	+1.090	+1.676	+3.928	+6.574	+3.951	+6.442	+6.172	+5.326	-0.314	+5.302	-0.255	+4.146	+0.046	+4.076	+4.070	+6.648	+7.717	+3.574	+10.075	+10.188	+8.894	+9.897	+2.130	+9.158	+9.184	+8.961	+9.645	+9.820	+9.869	+9.863	+9.858	+2.455	+2.227	+9.122	+10.079	+9.269	+10.012	+10.007	+9.999	+9.109	+9.285	+9.802	+9.192	+9.226	+9.776	+1.325	+2.203	+8.288	+8.137	+8.970	+9.005	+8.424	
rs478777       -0.745	-0.743	-0.609	-0.606	-0.610	-0.741	-0.747	-0.524	-0.740	-0.743	-0.745	+1.837	-0.405	-0.754	+1.773	-0.756	+1.192	-0.213	-0.780	+0.757	-0.287	+1.219	+1.217	+1.207	+1.156	+1.100	+1.411	+1.430	+1.415	+1.359	+2.367	+0.621	+5.707	+1.763	+5.812	+5.822	+5.795	+1.875	+2.130	+1.751	+1.497	+1.695	+0.794	+1.921	+1.911	+1.903	+7.144	+1.739	+6.717	+1.703	+1.699	+1.715	+1.743	+1.734	+2.052	+1.717	+1.785	+1.781	+2.121	+2.271	+2.281	+2.293	+1.652	+6.385	+0.978	+2.674	+0.782	+2.553	+6.296	+3.618	+0.873	+0.854	+2.535	+6.275	+1.539	+6.325	+0.916	+6.304	+6.491	+3.142	+0.909	+0.529	+0.913	+0.346	+3.248	+6.432	+0.913	+0.913	+3.079	+0.952	+6.481	+3.296	+3.325	+0.847	+2.529	+0.627	+3.602	+3.348	+6.707	+6.724	+3.112	+6.991	+3.335	+7.081	+7.012	+3.309	+1.190	+3.309	+7.170	+1.145	+0.968	+1.146	+7.186	+3.292	+7.378	+1.220	+1.223	+1.223	+1.268	+1.231	+1.120	+1.757	+3.286	+6.739	+3.308	+6.607	+6.334	+5.142	-0.562	+5.119	-0.498	+3.512	-0.162	+3.446	+3.440	+6.546	+7.621	+2.980	+10.192	+10.301	+8.857	+10.002	+2.314	+9.123	+9.149	+8.926	+9.660	+9.921	+9.971	+9.965	+9.960	+1.956	+2.421	+9.091	+10.181	+9.237	+10.111	+10.106	+10.013	+9.171	+9.252	+9.893	+9.254	+9.191	+9.785	+1.209	+1.718	+8.567	+8.415	+9.246	+9.280	+8.382	
rs473233       -0.751	-0.741	-0.617	-0.615	-0.741	-0.609	-0.744	-0.532	-0.746	-0.748	-0.750	+1.822	-0.414	-0.752	+1.758	-0.754	+1.178	-0.208	-0.778	+0.752	-0.282	+1.205	+1.203	+1.192	+1.143	+1.087	+1.397	+1.416	+1.401	+1.345	+2.353	+0.632	+5.697	+1.767	+5.802	+5.813	+5.786	+1.878	+2.123	+1.744	+1.491	+1.689	+0.786	+1.915	+1.904	+1.896	+7.132	+1.732	+6.706	+1.698	+1.693	+1.709	+1.737	+1.728	+2.056	+1.711	+1.779	+1.775	+2.124	+2.275	+2.285	+2.297	+1.646	+6.376	+0.974	+2.678	+0.778	+2.557	+6.286	+3.622	+0.869	+0.850	+2.535	+6.265	+1.533	+6.315	+0.912	+6.294	+6.481	+3.145	+0.905	+0.521	+0.909	+0.342	+3.252	+6.422	+0.909	+0.909	+3.083	+0.948	+6.472	+3.300	+3.329	+0.843	+2.533	+0.623	+3.601	+3.352	+6.697	+6.715	+3.115	+6.981	+3.339	+7.071	+7.002	+3.313	+1.185	+3.313	+7.160	+1.141	+0.959	+1.142	+7.176	+3.295	+7.369	+1.215	+1.218	+1.218	+1.263	+1.226	+1.116	+1.751	+3.289	+6.729	+3.311	+6.598	+6.324	+5.142	-0.561	+5.118	-0.497	+3.515	-0.162	+3.449	+3.444	+6.544	+7.618	+2.983	+10.184	+10.293	+8.852	+9.995	+2.305	+9.118	+9.144	+8.920	+9.654	+9.913	+9.963	+9.957	+9.952	+1.960	+2.412	+9.086	+10.174	+9.231	+10.104	+10.099	+10.007	+9.164	+9.247	+9.886	+9.247	+9.185	+9.779	+1.206	+1.722	+8.553	+8.401	+9.230	+9.265	+8.376	
rs576508       -0.751	-0.747	-0.612	-0.609	-0.747	-0.744	-0.610	-0.526	-0.736	-0.738	-0.740	+1.835	-0.406	-0.754	+1.771	-0.756	+1.191	-0.212	-0.780	+0.756	-0.286	+1.218	+1.216	+1.206	+1.155	+1.099	+1.410	+1.429	+1.414	+1.358	+2.366	+0.624	+5.706	+1.764	+5.811	+5.822	+5.795	+1.875	+2.129	+1.750	+1.496	+1.694	+0.793	+1.920	+1.910	+1.902	+7.144	+1.738	+6.717	+1.703	+1.698	+1.714	+1.742	+1.733	+2.053	+1.716	+1.784	+1.780	+2.121	+2.272	+2.282	+2.294	+1.651	+6.384	+0.978	+2.675	+0.781	+2.554	+6.295	+3.619	+0.872	+0.853	+2.534	+6.274	+1.538	+6.324	+0.915	+6.303	+6.490	+3.142	+0.908	+0.528	+0.912	+0.345	+3.248	+6.431	+0.912	+0.912	+3.080	+0.951	+6.480	+3.297	+3.326	+0.846	+2.529	+0.626	+3.601	+3.349	+6.706	+6.724	+3.112	+6.990	+3.335	+7.081	+7.011	+3.310	+1.189	+3.310	+7.170	+1.144	+0.967	+1.145	+7.185	+3.292	+7.378	+1.219	+1.222	+1.222	+1.267	+1.230	+1.119	+1.756	+3.286	+6.738	+3.308	+6.607	+6.333	+5.141	-0.562	+5.118	-0.498	+3.512	-0.162	+3.446	+3.441	+6.545	+7.619	+2.981	+10.189	+10.298	+8.855	+10.000	+2.313	+9.121	+9.147	+8.924	+9.658	+9.918	+9.968	+9.962	+9.957	+1.957	+2.420	+9.089	+10.179	+9.235	+10.109	+10.104	+10.011	+9.169	+9.250	+9.891	+9.252	+9.189	+9.783	+1.207	+1.719	+8.566	+8.414	+9.245	+9.280	+8.380	
rs3016303      -0.545	-0.523	-0.400	-0.401	-0.524	-0.532	-0.526	-0.216	-0.547	-0.550	-0.547	+1.918	-0.451	-0.444	+1.798	-0.441	+0.883	+0.182	-0.459	+0.737	+0.103	+0.906	+0.906	+0.899	+0.861	+0.823	+1.095	+1.111	+1.100	+1.056	+2.174	+0.525	+5.536	+2.494	+5.638	+5.650	+5.623	+2.596	+2.028	+1.666	+1.419	+1.614	+0.730	+1.831	+1.822	+1.814	+6.961	+1.658	+6.534	+1.625	+1.621	+1.636	+1.663	+1.654	+2.784	+1.638	+1.703	+1.699	+2.857	+3.018	+3.029	+3.041	+1.580	+6.223	+0.969	+3.431	+0.791	+3.293	+6.134	+4.405	+0.875	+0.858	+2.828	+6.103	+1.474	+6.153	+0.916	+6.133	+6.323	+3.908	+0.910	+0.521	+0.914	+0.416	+4.019	+6.260	+0.914	+0.914	+3.831	+0.952	+6.313	+4.067	+4.095	+0.855	+3.333	+0.645	+3.901	+4.121	+6.538	+6.555	+3.861	+6.819	+4.088	+6.910	+6.841	+4.078	+1.172	+4.079	+6.998	+1.131	+0.904	+1.132	+7.014	+4.060	+7.211	+1.200	+1.203	+1.203	+1.246	+1.212	+1.108	+1.685	+4.053	+6.564	+4.077	+6.433	+6.164	+5.377	-0.254	+5.353	-0.195	+4.270	+0.100	+4.200	+4.194	+6.688	+7.755	+3.692	+10.093	+10.205	+8.935	+9.917	+2.146	+9.198	+9.224	+9.000	+9.676	+9.840	+9.888	+9.882	+9.878	+2.453	+2.241	+9.161	+10.098	+9.308	+10.031	+10.026	+10.029	+9.136	+9.324	+9.822	+9.219	+9.264	+9.807	+1.400	+2.205	+8.271	+8.120	+8.948	+8.982	+8.464	
rs521455       -0.762	-0.740	-0.633	-0.631	-0.740	-0.746	-0.736	-0.547	-0.605	-0.740	-0.739	+1.800	-0.428	-0.746	+1.736	-0.749	+1.159	-0.196	-0.773	+0.745	-0.271	+1.185	+1.183	+1.173	+1.123	+1.068	+1.377	+1.396	+1.382	+1.326	+2.335	+0.656	+5.685	+1.775	+5.790	+5.801	+5.773	+1.886	+2.113	+1.735	+1.481	+1.679	+0.771	+1.905	+1.895	+1.887	+7.118	+1.723	+6.692	+1.688	+1.684	+1.700	+1.728	+1.718	+2.064	+1.702	+1.769	+1.765	+2.132	+2.283	+2.293	+2.305	+1.637	+6.363	+0.968	+2.687	+0.772	+2.565	+6.274	+3.631	+0.863	+0.844	+2.535	+6.252	+1.524	+6.303	+0.905	+6.282	+6.468	+3.154	+0.898	+0.508	+0.902	+0.338	+3.260	+6.409	+0.902	+0.902	+3.091	+0.941	+6.459	+3.309	+3.338	+0.837	+2.542	+0.616	+3.601	+3.361	+6.684	+6.701	+3.123	+6.967	+3.347	+7.058	+6.989	+3.321	+1.178	+3.322	+7.147	+1.134	+0.944	+1.135	+7.162	+3.304	+7.355	+1.208	+1.211	+1.211	+1.256	+1.219	+1.109	+1.742	+3.298	+6.716	+3.320	+6.584	+6.311	+5.142	-0.559	+5.118	-0.495	+3.524	-0.161	+3.458	+3.452	+6.541	+7.615	+2.990	+10.169	+10.278	+8.841	+9.980	+2.289	+9.107	+9.132	+8.909	+9.643	+9.899	+9.949	+9.943	+9.938	+1.968	+2.395	+9.075	+10.159	+9.220	+10.090	+10.085	+9.996	+9.150	+9.236	+9.872	+9.233	+9.175	+9.768	+1.201	+1.730	+8.534	+8.382	+9.209	+9.244	+8.366	
rs477783       -0.764	-0.742	-0.636	-0.633	-0.743	-0.748	-0.738	-0.550	-0.740	-0.605	-0.739	+1.796	-0.431	-0.746	+1.732	-0.749	+1.154	-0.195	-0.773	+0.743	-0.270	+1.180	+1.179	+1.168	+1.119	+1.063	+1.373	+1.392	+1.377	+1.321	+2.330	+0.658	+5.682	+1.775	+5.786	+5.797	+5.770	+1.887	+2.110	+1.732	+1.479	+1.677	+0.768	+1.902	+1.892	+1.884	+7.114	+1.721	+6.688	+1.686	+1.681	+1.698	+1.726	+1.716	+2.064	+1.699	+1.767	+1.763	+2.133	+2.283	+2.294	+2.306	+1.635	+6.360	+0.966	+2.687	+0.770	+2.566	+6.270	+3.631	+0.861	+0.842	+2.535	+6.249	+1.522	+6.299	+0.904	+6.278	+6.465	+3.155	+0.897	+0.505	+0.901	+0.337	+3.261	+6.405	+0.901	+0.901	+3.092	+0.940	+6.455	+3.309	+3.338	+0.835	+2.543	+0.615	+3.601	+3.361	+6.680	+6.698	+3.124	+6.963	+3.348	+7.054	+6.985	+3.322	+1.176	+3.322	+7.143	+1.132	+0.941	+1.133	+7.158	+3.305	+7.351	+1.206	+1.209	+1.209	+1.254	+1.217	+1.107	+1.739	+3.298	+6.712	+3.321	+6.580	+6.307	+5.142	-0.559	+5.118	-0.495	+3.524	-0.161	+3.458	+3.452	+6.540	+7.614	+2.991	+10.165	+10.275	+8.838	+9.977	+2.286	+9.104	+9.130	+8.907	+9.640	+9.896	+9.945	+9.939	+9.935	+1.969	+2.392	+9.072	+10.156	+9.218	+10.086	+10.081	+9.993	+9.147	+9.233	+9.869	+9.230	+9.172	+9.765	+1.200	+1.731	+8.527	+8.376	+9.202	+9.236	+8.364	
rs11236417     -0.764	-0.744	-0.633	-0.630	-0.745	-0.750	-0.740	-0.547	-0.739	-0.739	-0.605	+1.804	-0.427	-0.747	+1.740	-0.750	+1.161	-0.197	-0.774	+0.745	-0.272	+1.188	+1.186	+1.176	+1.126	+1.070	+1.380	+1.399	+1.385	+1.329	+2.338	+0.655	+5.687	+1.775	+5.791	+5.802	+5.775	+1.886	+2.114	+1.736	+1.482	+1.680	+0.773	+1.906	+1.896	+1.888	+7.120	+1.724	+6.694	+1.689	+1.685	+1.701	+1.729	+1.719	+2.064	+1.703	+1.770	+1.766	+2.132	+2.283	+2.293	+2.305	+1.638	+6.365	+0.968	+2.686	+0.772	+2.565	+6.275	+3.631	+0.863	+0.844	+2.535	+6.254	+1.525	+6.304	+0.906	+6.283	+6.470	+3.154	+0.899	+0.509	+0.903	+0.338	+3.260	+6.411	+0.903	+0.903	+3.091	+0.942	+6.460	+3.309	+3.338	+0.837	+2.542	+0.617	+3.601	+3.360	+6.685	+6.703	+3.123	+6.969	+3.347	+7.059	+6.990	+3.321	+1.179	+3.321	+7.148	+1.134	+0.945	+1.135	+7.164	+3.304	+7.356	+1.209	+1.211	+1.212	+1.257	+1.220	+1.110	+1.743	+3.298	+6.717	+3.320	+6.586	+6.313	+5.142	-0.559	+5.118	-0.495	+3.523	-0.161	+3.457	+3.452	+6.541	+7.615	+2.990	+10.169	+10.279	+8.841	+9.981	+2.290	+9.107	+9.133	+8.910	+9.643	+9.899	+9.949	+9.943	+9.938	+1.968	+2.397	+9.075	+10.159	+9.221	+10.090	+10.085	+9.996	+9.151	+9.236	+9.873	+9.234	+9.175	+9.768	+1.201	+1.730	+8.536	+8.384	+9.211	+9.245	+8.367	
rs578101       +1.793	+1.838	+1.953	+1.949	+1.837	+1.822	+1.835	+1.918	+1.800	+1.796	+1.804	+2.032	+1.836	+1.662	+1.958	+1.667	+1.908	+1.842	+1.655	+1.942	+1.793	+1.925	+1.925	+1.922	+1.901	+1.885	+2.065	+2.076	+2.069	+2.043	+2.485	+1.986	+5.800	+3.975	+5.935	+5.952	+5.930	+4.086	+3.064	+2.797	+2.584	+2.758	+2.302	+2.938	+2.932	+2.927	+7.046	+2.807	+6.663	+2.782	+2.778	+2.790	+2.811	+2.804	+4.262	+2.791	+2.842	+2.839	+4.325	+4.465	+4.475	+4.486	+2.759	+6.491	+2.376	+4.829	+2.246	+4.710	+6.416	+5.705	+2.303	+2.290	+4.619	+6.407	+2.708	+6.453	+2.336	+6.436	+6.596	+5.291	+2.330	+2.159	+2.335	+1.864	+5.391	+6.554	+2.335	+2.335	+5.227	+2.366	+6.593	+5.439	+5.468	+2.292	+4.951	+2.132	+5.691	+5.495	+6.799	+6.814	+5.267	+7.052	+5.467	+7.134	+7.074	+5.461	+2.536	+5.461	+7.214	+2.506	+2.471	+2.507	+7.227	+5.445	+7.411	+2.558	+2.560	+2.560	+2.594	+2.571	+2.487	+2.851	+5.440	+6.834	+5.461	+6.722	+6.500	+7.210	+1.960	+7.188	+2.024	+5.661	+2.276	+5.602	+5.596	+8.267	+9.309	+5.194	+11.613	+11.739	+10.588	+11.472	+3.489	+10.841	+10.865	+10.636	+11.574	+11.391	+11.437	+11.432	+11.427	+4.067	+3.555	+10.790	+11.637	+10.929	+11.574	+11.570	+11.913	+10.484	+10.945	+11.385	+10.567	+10.890	+11.701	+3.595	+3.853	+8.529	+8.398	+8.988	+9.019	+10.099	
rs542994       -0.428	-0.404	-0.485	-0.484	-0.405	-0.414	-0.406	-0.451	-0.428	-0.431	-0.427	+1.836	-0.104	-0.347	+1.721	-0.343	+0.923	+0.953	-0.359	+0.762	+0.830	+0.946	+0.946	+0.940	+0.902	+0.865	+1.133	+1.149	+1.138	+1.096	+2.138	+0.860	+5.524	+2.593	+5.625	+5.637	+5.611	+2.703	+2.039	+1.684	+1.440	+1.633	+0.679	+1.848	+1.838	+1.831	+6.924	+1.678	+6.501	+1.646	+1.642	+1.657	+1.683	+1.674	+2.899	+1.658	+1.722	+1.718	+2.972	+3.134	+3.146	+3.159	+1.602	+6.207	+1.007	+3.563	+0.833	+3.422	+6.119	+4.497	+0.915	+0.898	+2.926	+6.090	+1.503	+6.139	+0.956	+6.120	+6.308	+4.041	+0.949	+0.470	+0.953	+0.461	+4.150	+6.247	+0.953	+0.953	+3.959	+0.991	+6.300	+4.198	+4.226	+0.896	+3.474	+0.689	+4.003	+4.250	+6.522	+6.540	+3.986	+6.803	+4.214	+6.893	+6.824	+4.206	+1.207	+4.207	+6.981	+1.167	+0.847	+1.168	+6.996	+4.188	+7.193	+1.235	+1.237	+1.237	+1.280	+1.247	+1.144	+1.707	+4.181	+6.550	+4.204	+6.419	+6.153	+5.502	-0.145	+5.478	-0.086	+4.395	+0.204	+4.324	+4.318	+6.790	+7.864	+3.828	+10.169	+10.282	+9.052	+9.996	+2.187	+9.315	+9.340	+9.116	+9.768	+9.919	+9.967	+9.962	+9.957	+2.582	+2.278	+9.275	+10.176	+9.420	+10.109	+10.104	+10.118	+9.238	+9.437	+9.902	+9.320	+9.377	+9.897	+1.506	+2.335	+8.221	+8.072	+8.863	+8.897	+8.570	
rs71467876     -0.748	-0.754	-0.502	-0.501	-0.754	-0.752	-0.754	-0.444	-0.746	-0.746	-0.747	+1.662	-0.347	-0.276	+1.608	-0.436	+1.065	+0.113	-0.457	+0.974	+0.038	+1.090	+1.089	+1.082	+1.041	+0.999	+1.281	+1.297	+1.286	+1.240	+2.270	+0.619	+5.784	+2.250	+5.883	+5.897	+5.871	+2.357	+2.275	+1.909	+1.660	+1.857	+1.011	+2.077	+2.068	+2.060	+7.148	+1.902	+6.736	+1.868	+1.864	+1.879	+1.905	+1.897	+2.540	+1.880	+1.946	+1.942	+2.611	+2.767	+2.778	+2.790	+1.819	+6.456	+1.179	+3.181	+0.988	+3.059	+6.370	+4.137	+1.076	+1.058	+2.868	+6.348	+1.703	+6.398	+1.118	+6.378	+6.558	+3.663	+1.111	+0.764	+1.115	+0.603	+3.771	+6.505	+1.116	+1.115	+3.600	+1.154	+6.551	+3.821	+3.851	+1.052	+3.038	+0.834	+3.936	+3.874	+6.771	+6.788	+3.634	+7.047	+3.822	+7.136	+7.070	+3.834	+1.385	+3.834	+7.223	+1.344	+1.185	+1.345	+7.237	+3.817	+7.432	+1.415	+1.418	+1.418	+1.462	+1.427	+1.319	+1.925	+3.811	+6.806	+3.833	+6.681	+6.417	+5.437	-0.279	+5.413	-0.220	+4.041	+0.114	+3.972	+3.966	+6.824	+7.897	+3.496	+10.378	+10.491	+9.125	+10.223	+2.633	+9.389	+9.415	+9.193	+9.907	+10.142	+10.190	+10.185	+10.180	+2.290	+2.732	+9.355	+10.400	+9.502	+10.332	+10.327	+10.259	+9.418	+9.517	+10.122	+9.501	+9.456	+10.038	+1.533	+2.052	+8.494	+8.351	+9.089	+9.123	+8.660	
rs492136       +1.729	+1.774	+1.832	+1.828	+1.773	+1.758	+1.771	+1.798	+1.736	+1.732	+1.740	+1.958	+1.721	+1.608	+1.971	+1.608	+1.857	+1.778	+1.595	+1.890	+1.729	+1.874	+1.874	+1.871	+1.850	+1.833	+2.013	+2.024	+2.017	+1.991	+2.449	+1.927	+5.771	+3.903	+5.903	+5.920	+5.898	+4.013	+3.017	+2.748	+2.535	+2.709	+2.246	+2.889	+2.884	+2.878	+7.025	+2.757	+6.639	+2.732	+2.729	+2.741	+2.762	+2.755	+4.189	+2.742	+2.792	+2.790	+4.252	+4.391	+4.401	+4.412	+2.709	+6.460	+2.324	+4.754	+2.194	+4.635	+6.385	+5.629	+2.251	+2.238	+4.555	+6.375	+2.657	+6.421	+2.284	+6.404	+6.565	+5.215	+2.278	+2.103	+2.283	+1.809	+5.315	+6.522	+2.283	+2.283	+5.151	+2.314	+6.561	+5.363	+5.392	+2.239	+4.873	+2.079	+5.628	+5.419	+6.768	+6.784	+5.192	+7.023	+5.390	+7.105	+7.045	+5.385	+2.485	+5.385	+7.186	+2.454	+2.415	+2.455	+7.199	+5.369	+7.384	+2.506	+2.509	+2.509	+2.543	+2.519	+2.436	+2.801	+5.364	+6.803	+5.385	+6.690	+6.466	+7.141	+1.901	+7.118	+1.965	+5.584	+2.218	+5.525	+5.520	+8.199	+9.237	+5.118	+11.534	+11.660	+10.505	+11.398	+3.434	+10.758	+10.782	+10.555	+11.494	+11.316	+11.362	+11.356	+11.352	+3.996	+3.501	+10.709	+11.562	+10.848	+11.499	+11.494	+11.833	+10.408	+10.864	+11.309	+10.490	+10.809	+11.621	+3.531	+3.782	+8.494	+8.363	+8.962	+8.993	+10.024	
rs12272818     -0.751	-0.756	-0.499	-0.498	-0.756	-0.754	-0.756	-0.441	-0.749	-0.749	-0.750	+1.667	-0.343	-0.436	+1.608	-0.273	+1.064	+0.117	-0.390	+0.975	+0.042	+1.088	+1.088	+1.081	+1.040	+0.998	+1.280	+1.296	+1.285	+1.239	+2.269	+0.624	+5.783	+2.256	+5.883	+5.896	+5.870	+2.363	+2.275	+1.910	+1.661	+1.857	+1.014	+2.078	+2.068	+2.060	+7.149	+1.902	+6.737	+1.868	+1.864	+1.880	+1.905	+1.897	+2.546	+1.880	+1.946	+1.942	+2.617	+2.774	+2.785	+2.797	+1.818	+6.454	+1.177	+3.189	+0.987	+3.067	+6.368	+4.162	+1.074	+1.056	+2.863	+6.346	+1.702	+6.395	+1.116	+6.376	+6.556	+3.670	+1.109	+0.766	+1.114	+0.603	+3.778	+6.502	+1.114	+1.114	+3.608	+1.153	+6.549	+3.828	+3.857	+1.051	+3.041	+0.833	+3.933	+3.881	+6.769	+6.786	+3.641	+7.045	+3.826	+7.134	+7.068	+3.841	+1.384	+3.841	+7.221	+1.343	+1.188	+1.344	+7.236	+3.823	+7.431	+1.414	+1.416	+1.416	+1.461	+1.426	+1.318	+1.925	+3.817	+6.804	+3.840	+6.679	+6.415	+5.433	-0.279	+5.409	-0.219	+4.049	+0.114	+3.980	+3.974	+6.818	+7.884	+3.504	+10.367	+10.479	+9.098	+10.211	+2.628	+9.362	+9.388	+9.167	+9.888	+10.128	+10.176	+10.171	+10.166	+2.297	+2.728	+9.329	+10.387	+9.476	+10.319	+10.314	+10.241	+9.397	+9.491	+10.107	+9.479	+9.431	+10.017	+1.522	+2.058	+8.484	+8.341	+9.082	+9.116	+8.632	
rs534812       +1.153	+1.193	+0.863	+0.864	+1.192	+1.178	+1.191	+0.883	+1.159	+1.154	+1.161	+1.908	+0.923	+1.065	+1.857	+1.064	+1.401	+1.201	+1.053	+1.536	+1.158	+1.359	+1.359	+1.352	+1.328	+1.300	+1.459	+1.474	+1.462	+1.420	+2.234	+2.103	+5.595	+3.270	+5.703	+5.718	+5.694	+3.384	+2.800	+2.509	+2.286	+2.467	+1.965	+2.658	+2.652	+2.645	+6.965	+2.516	+6.572	+2.489	+2.485	+2.498	+2.519	+2.514	+3.556	+2.500	+2.555	+2.552	+3.618	+3.755	+3.765	+3.776	+2.461	+6.271	+1.886	+4.119	+1.747	+4.005	+6.190	+4.974	+1.803	+1.789	+3.830	+6.168	+2.333	+6.216	+1.837	+6.198	+6.372	+4.574	+1.832	+1.793	+1.838	+1.418	+4.674	+6.321	+1.838	+1.838	+4.514	+1.869	+6.366	+4.721	+4.750	+1.791	+4.184	+1.621	+4.814	+4.774	+6.581	+6.597	+4.553	+6.849	+4.744	+6.935	+6.871	+4.740	+2.050	+4.740	+7.020	+2.019	+2.141	+2.020	+7.035	+4.724	+7.226	+2.073	+2.075	+2.075	+2.110	+2.085	+1.999	+2.554	+4.717	+6.614	+4.737	+6.491	+6.247	+6.171	+1.272	+6.151	+1.327	+4.929	+1.578	+4.869	+4.864	+7.311	+8.310	+4.465	+11.130	+11.263	+9.430	+11.027	+3.156	+9.680	+9.704	+9.506	+10.394	+10.943	+10.989	+10.984	+10.979	+3.518	+3.232	+9.660	+11.189	+9.799	+11.127	+11.122	+10.732	+10.033	+9.814	+10.931	+10.114	+9.761	+10.520	+3.018	+3.300	+8.272	+8.134	+8.910	+8.943	+9.043	
rs2070763      -0.199	-0.214	+0.096	+0.098	-0.213	-0.208	-0.212	+0.182	-0.196	-0.195	-0.197	+1.842	+0.953	+0.113	+1.778	+0.117	+1.201	+0.252	+0.086	+1.271	+0.148	+1.217	+1.216	+1.210	+1.173	+1.136	+1.398	+1.413	+1.402	+1.360	+2.468	+0.656	+5.823	+2.052	+5.994	+6.009	+5.984	+2.165	+2.861	+2.508	+2.245	+2.453	+2.394	+2.683	+2.674	+2.666	+7.191	+2.505	+6.791	+2.471	+2.466	+2.483	+2.511	+2.503	+2.330	+2.487	+2.555	+2.549	+2.393	+2.531	+2.540	+2.551	+2.437	+6.578	+1.824	+2.900	+1.628	+2.794	+6.497	+3.819	+1.705	+1.684	+3.207	+6.474	+2.295	+6.524	+1.747	+6.503	+6.681	+3.356	+1.741	+2.052	+1.744	+0.948	+3.458	+6.628	+1.744	+1.744	+3.306	+1.783	+6.675	+3.506	+3.535	+1.673	+2.814	+1.457	+4.259	+3.559	+6.897	+6.913	+3.343	+7.166	+3.548	+7.253	+7.187	+3.523	+2.023	+3.524	+7.338	+1.978	+2.582	+1.979	+7.352	+3.508	+7.540	+2.053	+2.055	+2.056	+2.100	+2.061	+1.952	+2.525	+3.502	+6.927	+3.523	+6.802	+6.566	+5.880	+0.410	+5.858	+0.487	+3.732	+0.863	+3.671	+3.666	+7.217	+8.263	+3.248	+11.032	+11.155	+9.531	+10.858	+3.080	+9.789	+9.814	+9.597	+10.710	+10.765	+10.814	+10.808	+10.803	+2.322	+3.180	+9.762	+11.021	+9.905	+10.953	+10.948	+11.059	+9.701	+9.917	+10.745	+9.787	+9.861	+10.832	+2.332	+2.109	+8.791	+8.652	+9.301	+9.334	+9.074	
rs3094303      -0.775	-0.780	-0.519	-0.517	-0.780	-0.778	-0.780	-0.459	-0.773	-0.773	-0.774	+1.655	-0.359	-0.457	+1.595	-0.390	+1.053	+0.086	-0.300	+0.954	+0.011	+1.077	+1.076	+1.069	+1.028	+0.986	+1.268	+1.285	+1.273	+1.227	+2.256	+0.621	+5.768	+2.208	+5.867	+5.880	+5.854	+2.316	+2.259	+1.894	+1.645	+1.841	+0.985	+2.061	+2.052	+2.044	+7.132	+1.885	+6.720	+1.852	+1.848	+1.863	+1.889	+1.880	+2.498	+1.864	+1.930	+1.926	+2.569	+2.725	+2.735	+2.748	+1.802	+6.442	+1.161	+3.138	+0.970	+3.017	+6.356	+4.108	+1.058	+1.040	+2.836	+6.332	+1.686	+6.381	+1.100	+6.362	+6.544	+3.618	+1.093	+0.739	+1.097	+0.581	+3.725	+6.489	+1.097	+1.097	+3.556	+1.136	+6.537	+3.775	+3.804	+1.034	+2.991	+0.816	+3.905	+3.827	+6.757	+6.774	+3.588	+7.034	+3.775	+7.123	+7.056	+3.787	+1.368	+3.787	+7.210	+1.326	+1.159	+1.327	+7.225	+3.769	+7.420	+1.398	+1.400	+1.400	+1.445	+1.410	+1.302	+1.909	+3.763	+6.790	+3.785	+6.664	+6.400	+5.409	-0.300	+5.386	-0.240	+3.994	+0.093	+3.925	+3.919	+6.797	+7.864	+3.451	+10.346	+10.458	+9.073	+10.185	+2.591	+9.338	+9.363	+9.143	+9.865	+10.102	+10.151	+10.145	+10.140	+2.265	+2.691	+9.305	+10.362	+9.452	+10.293	+10.288	+10.218	+9.370	+9.467	+10.081	+9.452	+9.407	+9.993	+1.496	+2.026	+8.463	+8.320	+9.061	+9.094	+8.607	
rs747545       +0.745	+0.757	+0.717	+0.718	+0.757	+0.752	+0.756	+0.737	+0.745	+0.743	+0.745	+1.942	+0.762	+0.974	+1.890	+0.975	+1.536	+1.271	+0.954	+1.316	+1.216	+1.552	+1.551	+1.546	+1.516	+1.484	+1.698	+1.711	+1.702	+1.668	+2.360	+1.622	+5.788	+3.459	+5.870	+5.880	+5.852	+3.570	+2.537	+2.239	+2.042	+2.195	+1.624	+2.380	+2.374	+2.367	+7.132	+2.238	+6.697	+2.211	+2.207	+2.220	+2.242	+2.235	+3.746	+2.222	+2.276	+2.273	+3.812	+3.957	+3.967	+3.979	+2.188	+6.455	+1.653	+4.342	+1.514	+4.228	+6.362	+5.232	+1.578	+1.564	+5.079	+6.327	+2.112	+6.377	+1.611	+6.356	+6.553	+4.806	+1.607	+1.467	+1.611	+1.070	+4.909	+6.485	+1.611	+1.611	+4.748	+1.641	+6.540	+4.956	+4.985	+1.566	+4.173	+1.404	+6.310	+5.010	+6.766	+6.784	+4.784	+7.057	+4.994	+7.151	+7.080	+4.973	+1.825	+4.973	+7.242	+1.792	+1.793	+1.792	+7.258	+4.956	+7.465	+1.847	+1.850	+1.850	+1.884	+1.858	+1.773	+2.289	+4.951	+6.789	+4.972	+6.653	+6.365	+7.818	+1.482	+7.795	+1.565	+5.165	+1.825	+5.103	+5.098	+8.676	+9.745	+4.685	+12.388	+12.548	+10.743	+12.254	+2.798	+11.006	+11.031	+10.805	+11.718	+12.167	+12.217	+12.211	+12.206	+3.587	+2.886	+10.966	+12.418	+11.101	+12.352	+12.347	+12.061	+11.232	+11.117	+12.140	+11.317	+11.059	+11.833	+3.442	+3.362	+8.469	+8.312	+9.025	+9.059	+10.283	
rs4348932      -0.274	-0.288	+0.019	+0.021	-0.287	-0.282	-0.286	+0.103	-0.271	-0.270	-0.272	+1.793	+0.830	+0.038	+1.729	+0.042	+1.158	+0.148	+0.011	+1.216	+0.178	+1.179	+1.178	+1.172	+1.135	+1.097	+1.361	+1.376	+1.366	+1.323	+2.424	+0.629	+5.791	+2.026	+5.955	+5.970	+5.945	+2.139	+2.778	+2.426	+2.164	+2.371	+2.269	+2.600	+2.591	+2.583	+7.159	+2.423	+6.757	+2.388	+2.384	+2.400	+2.429	+2.421	+2.305	+2.405	+2.472	+2.467	+2.368	+2.507	+2.517	+2.528	+2.354	+6.540	+1.740	+2.880	+1.546	+2.773	+6.458	+3.803	+1.622	+1.602	+3.146	+6.434	+2.213	+6.483	+1.664	+6.463	+6.641	+3.338	+1.658	+1.932	+1.661	+0.887	+3.441	+6.588	+1.661	+1.661	+3.287	+1.700	+6.635	+3.489	+3.518	+1.590	+2.789	+1.375	+4.198	+3.542	+6.857	+6.873	+3.324	+7.127	+3.531	+7.213	+7.148	+3.506	+1.939	+3.506	+7.299	+1.894	+2.456	+1.894	+7.313	+3.490	+7.501	+1.968	+1.971	+1.971	+2.015	+1.977	+1.868	+2.442	+3.485	+6.887	+3.506	+6.762	+6.523	+5.816	+0.324	+5.794	+0.399	+3.715	+0.771	+3.654	+3.648	+7.156	+8.204	+3.227	+10.959	+11.081	+9.466	+10.783	+2.992	+9.725	+9.750	+9.532	+10.628	+10.691	+10.739	+10.734	+10.729	+2.289	+3.091	+9.697	+10.947	+9.841	+10.879	+10.875	+10.977	+9.642	+9.853	+10.671	+9.728	+9.796	+10.751	+2.229	+2.074	+8.736	+8.596	+9.252	+9.285	+9.009	
rs478668       +1.179	+1.220	+0.887	+0.888	+1.219	+1.205	+1.218	+0.906	+1.185	+1.180	+1.188	+1.925	+0.946	+1.090	+1.874	+1.088	+1.359	+1.217	+1.077	+1.552	+1.179	+1.426	+1.387	+1.380	+1.361	+1.332	+1.472	+1.487	+1.475	+1.433	+2.239	+2.116	+5.597	+3.265	+5.706	+5.721	+5.697	+3.380	+2.822	+2.532	+2.308	+2.489	+1.989	+2.681	+2.674	+2.668	+6.969	+2.539	+6.576	+2.511	+2.508	+2.521	+2.541	+2.536	+3.551	+2.523	+2.578	+2.574	+3.613	+3.749	+3.759	+3.770	+2.484	+6.274	+1.909	+4.111	+1.770	+3.997	+6.192	+4.962	+1.826	+1.812	+3.844	+6.171	+2.355	+6.219	+1.860	+6.200	+6.375	+4.564	+1.855	+1.817	+1.860	+1.438	+4.663	+6.323	+1.860	+1.860	+4.504	+1.892	+6.369	+4.710	+4.738	+1.814	+4.176	+1.644	+4.827	+4.763	+6.583	+6.599	+4.542	+6.851	+4.733	+6.937	+6.873	+4.728	+2.073	+4.728	+7.022	+2.041	+2.165	+2.042	+7.036	+4.712	+7.228	+2.096	+2.098	+2.098	+2.133	+2.107	+2.022	+2.577	+4.706	+6.616	+4.725	+6.494	+6.251	+6.183	+1.300	+6.163	+1.356	+4.915	+1.607	+4.856	+4.851	+7.320	+8.318	+4.454	+11.137	+11.270	+9.437	+11.034	+3.179	+9.687	+9.712	+9.513	+10.401	+10.950	+10.996	+10.991	+10.987	+3.515	+3.256	+9.667	+11.197	+9.806	+11.134	+11.130	+10.739	+10.040	+9.821	+10.939	+10.121	+9.768	+10.528	+3.053	+3.299	+8.274	+8.137	+8.914	+8.946	+9.052	
rs6592609      +1.178	+1.218	+0.886	+0.887	+1.217	+1.203	+1.216	+0.906	+1.183	+1.179	+1.186	+1.925	+0.946	+1.089	+1.874	+1.088	+1.359	+1.216	+1.076	+1.551	+1.178	+1.387	+1.425	+1.379	+1.360	+1.331	+1.472	+1.487	+1.475	+1.433	+2.239	+2.116	+5.597	+3.264	+5.706	+5.721	+5.697	+3.379	+2.821	+2.531	+2.307	+2.488	+1.988	+2.680	+2.674	+2.667	+6.968	+2.538	+6.576	+2.511	+2.507	+2.520	+2.540	+2.535	+3.550	+2.522	+2.577	+2.574	+3.612	+3.748	+3.758	+3.769	+2.484	+6.274	+1.908	+4.110	+1.769	+3.997	+6.192	+4.961	+1.825	+1.811	+3.843	+6.171	+2.354	+6.218	+1.859	+6.200	+6.375	+4.563	+1.854	+1.816	+1.859	+1.437	+4.662	+6.323	+1.860	+1.860	+4.503	+1.891	+6.369	+4.709	+4.738	+1.813	+4.176	+1.643	+4.826	+4.762	+6.583	+6.599	+4.541	+6.851	+4.732	+6.937	+6.873	+4.727	+2.072	+4.727	+7.022	+2.041	+2.165	+2.042	+7.036	+4.711	+7.228	+2.095	+2.097	+2.097	+2.132	+2.106	+2.021	+2.577	+4.705	+6.616	+4.724	+6.494	+6.251	+6.182	+1.299	+6.162	+1.355	+4.915	+1.606	+4.855	+4.850	+7.319	+8.317	+4.453	+11.136	+11.269	+9.436	+11.033	+3.179	+9.686	+9.711	+9.512	+10.400	+10.949	+10.995	+10.990	+10.986	+3.514	+3.255	+9.666	+11.196	+9.805	+11.133	+11.129	+10.739	+10.039	+9.821	+10.938	+10.121	+9.767	+10.527	+3.052	+3.298	+8.274	+8.137	+8.913	+8.946	+9.051	
rs571632       +1.167	+1.207	+0.880	+0.880	+1.207	+1.192	+1.206	+0.899	+1.173	+1.168	+1.176	+1.922	+0.940	+1.082	+1.871	+1.081	+1.352	+1.210	+1.069	+1.546	+1.172	+1.380	+1.379	+1.417	+1.352	+1.324	+1.471	+1.486	+1.474	+1.431	+2.237	+2.110	+5.596	+3.258	+5.704	+5.719	+5.695	+3.372	+2.816	+2.525	+2.301	+2.483	+1.982	+2.675	+2.668	+2.662	+6.967	+2.532	+6.574	+2.505	+2.502	+2.514	+2.535	+2.530	+3.544	+2.516	+2.571	+2.568	+3.606	+3.742	+3.752	+3.763	+2.478	+6.272	+1.902	+4.104	+1.763	+3.991	+6.191	+4.955	+1.819	+1.806	+3.836	+6.169	+2.348	+6.217	+1.853	+6.199	+6.373	+4.557	+1.848	+1.810	+1.854	+1.431	+4.656	+6.322	+1.854	+1.854	+4.497	+1.886	+6.368	+4.703	+4.732	+1.807	+4.169	+1.637	+4.819	+4.756	+6.582	+6.598	+4.535	+6.850	+4.726	+6.936	+6.872	+4.721	+2.066	+4.721	+7.021	+2.035	+2.158	+2.036	+7.035	+4.705	+7.227	+2.089	+2.091	+2.091	+2.126	+2.101	+2.015	+2.571	+4.699	+6.615	+4.718	+6.493	+6.249	+6.175	+1.292	+6.156	+1.348	+4.909	+1.599	+4.849	+4.844	+7.313	+8.312	+4.447	+11.129	+11.262	+9.430	+11.026	+3.172	+9.680	+9.705	+9.506	+10.393	+10.942	+10.988	+10.983	+10.979	+3.508	+3.248	+9.660	+11.188	+9.799	+11.126	+11.121	+10.732	+10.033	+9.815	+10.930	+10.114	+9.761	+10.520	+3.043	+3.291	+8.272	+8.135	+8.911	+8.943	+9.044	
rs2508620      +1.118	+1.157	+0.841	+0.841	+1.156	+1.143	+1.155	+0.861	+1.123	+1.119	+1.126	+1.901	+0.902	+1.041	+1.850	+1.040	+1.328	+1.173	+1.028	+1.516	+1.135	+1.361	+1.360	+1.352	+1.375	+1.298	+1.474	+1.491	+1.477	+1.428	+2.227	+2.072	+5.591	+3.220	+5.697	+5.712	+5.688	+3.334	+2.788	+2.496	+2.271	+2.453	+1.945	+2.645	+2.639	+2.632	+6.959	+2.502	+6.564	+2.475	+2.472	+2.485	+2.505	+2.500	+3.506	+2.486	+2.542	+2.539	+3.568	+3.704	+3.714	+3.725	+2.448	+6.266	+1.871	+4.066	+1.732	+3.953	+6.184	+4.919	+1.788	+1.774	+3.800	+6.162	+2.319	+6.210	+1.822	+6.192	+6.367	+4.519	+1.817	+1.773	+1.822	+1.398	+4.618	+6.315	+1.823	+1.823	+4.460	+1.854	+6.361	+4.665	+4.694	+1.776	+4.130	+1.605	+4.784	+4.718	+6.576	+6.592	+4.498	+6.845	+4.689	+6.931	+6.867	+4.684	+2.036	+4.684	+7.017	+2.004	+2.122	+2.005	+7.031	+4.668	+7.223	+2.059	+2.061	+2.061	+2.096	+2.070	+1.984	+2.541	+4.661	+6.608	+4.681	+6.486	+6.240	+6.143	+1.251	+6.123	+1.307	+4.871	+1.559	+4.812	+4.807	+7.284	+8.284	+4.409	+11.097	+11.230	+9.404	+10.993	+3.141	+9.655	+9.679	+9.481	+10.365	+10.909	+10.955	+10.950	+10.945	+3.470	+3.218	+9.635	+11.155	+9.774	+11.093	+11.088	+10.703	+10.002	+9.789	+10.897	+10.084	+9.736	+10.491	+3.002	+3.253	+8.265	+8.127	+8.900	+8.933	+9.017	
rs2508619      +1.063	+1.101	+0.801	+0.802	+1.100	+1.087	+1.099	+0.823	+1.068	+1.063	+1.070	+1.885	+0.865	+0.999	+1.833	+0.998	+1.300	+1.136	+0.986	+1.484	+1.097	+1.332	+1.331	+1.324	+1.298	+1.330	+1.506	+1.527	+1.509	+1.446	+2.217	+2.032	+5.585	+3.185	+5.688	+5.703	+5.678	+3.300	+2.750	+2.457	+2.234	+2.415	+1.903	+2.607	+2.601	+2.594	+6.948	+2.464	+6.551	+2.437	+2.433	+2.446	+2.467	+2.462	+3.472	+2.448	+2.503	+2.500	+3.534	+3.671	+3.680	+3.691	+2.409	+6.259	+1.833	+4.033	+1.693	+3.920	+6.176	+4.887	+1.750	+1.736	+3.758	+6.153	+2.281	+6.201	+1.784	+6.183	+6.360	+4.487	+1.779	+1.730	+1.784	+1.360	+4.586	+6.306	+1.784	+1.784	+4.427	+1.816	+6.353	+4.633	+4.662	+1.738	+4.095	+1.567	+4.741	+4.686	+6.569	+6.585	+4.465	+6.839	+4.657	+6.926	+6.862	+4.651	+1.998	+4.651	+7.012	+1.967	+2.079	+1.967	+7.027	+4.635	+7.219	+2.021	+2.023	+2.023	+2.059	+2.033	+1.947	+2.503	+4.629	+6.601	+4.648	+6.477	+6.229	+6.103	+1.206	+6.083	+1.262	+4.839	+1.514	+4.780	+4.775	+7.249	+8.250	+4.376	+11.056	+11.189	+9.373	+10.950	+3.105	+9.624	+9.648	+9.449	+10.328	+10.866	+10.913	+10.908	+10.903	+3.434	+3.182	+9.604	+11.113	+9.743	+11.051	+11.046	+10.667	+9.965	+9.758	+10.855	+10.046	+9.704	+10.455	+2.955	+3.216	+8.254	+8.115	+8.885	+8.917	+8.985	
rs11236430     +1.371	+1.412	+1.076	+1.076	+1.411	+1.397	+1.410	+1.095	+1.377	+1.373	+1.380	+2.065	+1.133	+1.281	+2.013	+1.280	+1.459	+1.398	+1.268	+1.698	+1.361	+1.472	+1.472	+1.471	+1.474	+1.506	+1.624	+1.601	+1.594	+1.566	+2.284	+2.310	+5.617	+3.449	+5.732	+5.747	+5.724	+3.565	+2.932	+2.647	+2.428	+2.606	+2.134	+2.792	+2.786	+2.780	+6.997	+2.655	+6.611	+2.629	+2.625	+2.638	+2.658	+2.653	+3.737	+2.640	+2.693	+2.691	+3.799	+3.935	+3.944	+3.955	+2.603	+6.297	+2.037	+4.295	+1.902	+4.182	+6.217	+5.138	+1.955	+1.942	+4.001	+6.197	+2.472	+6.245	+1.988	+6.227	+6.398	+4.747	+1.984	+1.968	+1.989	+1.586	+4.846	+6.349	+1.989	+1.989	+4.688	+2.020	+6.393	+4.893	+4.922	+1.944	+4.373	+1.779	+4.977	+4.946	+6.605	+6.621	+4.726	+6.870	+4.917	+6.955	+6.893	+4.912	+2.196	+4.912	+7.039	+2.166	+2.312	+2.167	+7.053	+4.896	+7.243	+2.219	+2.221	+2.221	+2.255	+2.230	+2.147	+2.695	+4.889	+6.640	+4.909	+6.520	+6.282	+6.314	+1.481	+6.294	+1.536	+5.096	+1.782	+5.037	+5.032	+7.434	+8.428	+4.637	+11.270	+11.404	+9.542	+11.172	+3.318	+9.791	+9.815	+9.619	+10.517	+11.087	+11.133	+11.128	+11.124	+3.704	+3.393	+9.772	+11.333	+9.910	+11.271	+11.266	+10.853	+10.169	+9.926	+11.076	+10.250	+9.873	+10.643	+3.232	+3.487	+8.304	+8.168	+8.953	+8.985	+9.163	
rs3018101      +1.390	+1.431	+1.092	+1.092	+1.430	+1.416	+1.429	+1.111	+1.396	+1.392	+1.399	+2.076	+1.149	+1.297	+2.024	+1.296	+1.474	+1.413	+1.285	+1.711	+1.376	+1.487	+1.487	+1.486	+1.491	+1.527	+1.601	+1.642	+1.603	+1.578	+2.290	+2.326	+5.620	+3.465	+5.735	+5.751	+5.727	+3.581	+2.944	+2.659	+2.440	+2.618	+2.149	+2.804	+2.798	+2.792	+7.001	+2.668	+6.616	+2.641	+2.638	+2.650	+2.670	+2.665	+3.753	+2.652	+2.706	+2.703	+3.815	+3.950	+3.960	+3.971	+2.616	+6.300	+2.050	+4.310	+1.916	+4.197	+6.220	+5.153	+1.968	+1.955	+4.016	+6.201	+2.484	+6.248	+2.001	+6.231	+6.401	+4.763	+1.997	+1.983	+2.002	+1.600	+4.861	+6.353	+2.002	+2.002	+4.703	+2.033	+6.397	+4.908	+4.937	+1.957	+4.389	+1.793	+4.991	+4.961	+6.608	+6.625	+4.741	+6.873	+4.932	+6.958	+6.896	+4.927	+2.209	+4.927	+7.042	+2.179	+2.326	+2.180	+7.056	+4.911	+7.246	+2.231	+2.233	+2.234	+2.268	+2.243	+2.159	+2.707	+4.904	+6.644	+4.924	+6.523	+6.287	+6.327	+1.497	+6.308	+1.553	+5.111	+1.798	+5.052	+5.047	+7.446	+8.440	+4.652	+11.283	+11.417	+9.553	+11.185	+3.331	+9.801	+9.826	+9.629	+10.528	+11.100	+11.146	+11.141	+11.137	+3.720	+3.406	+9.782	+11.346	+9.920	+11.284	+11.279	+10.865	+10.181	+9.936	+11.090	+10.262	+9.883	+10.655	+3.248	+3.503	+8.308	+8.172	+8.958	+8.991	+9.174	
rs693870       +1.376	+1.416	+1.081	+1.081	+1.415	+1.401	+1.414	+1.100	+1.382	+1.377	+1.385	+2.069	+1.138	+1.286	+2.017	+1.285	+1.462	+1.402	+1.273	+1.702	+1.366	+1.475	+1.475	+1.474	+1.477	+1.509	+1.594	+1.603	+1.630	+1.570	+2.286	+2.314	+5.618	+3.454	+5.733	+5.748	+5.725	+3.570	+2.935	+2.651	+2.431	+2.609	+2.139	+2.796	+2.789	+2.783	+6.998	+2.659	+6.612	+2.632	+2.629	+2.641	+2.661	+2.656	+3.742	+2.643	+2.697	+2.694	+3.804	+3.939	+3.949	+3.960	+2.607	+6.298	+2.040	+4.299	+1.906	+4.186	+6.218	+5.142	+1.959	+1.945	+4.005	+6.198	+2.475	+6.246	+1.992	+6.228	+6.399	+4.752	+1.987	+1.972	+1.993	+1.590	+4.850	+6.350	+1.993	+1.993	+4.693	+2.024	+6.394	+4.897	+4.926	+1.948	+4.377	+1.783	+4.981	+4.950	+6.606	+6.622	+4.730	+6.870	+4.921	+6.956	+6.893	+4.916	+2.200	+4.916	+7.040	+2.170	+2.316	+2.171	+7.054	+4.900	+7.244	+2.222	+2.224	+2.224	+2.258	+2.233	+2.150	+2.698	+4.893	+6.641	+4.913	+6.521	+6.283	+6.317	+1.486	+6.297	+1.541	+5.101	+1.786	+5.041	+5.036	+7.437	+8.431	+4.641	+11.273	+11.408	+9.545	+11.175	+3.322	+9.793	+9.818	+9.621	+10.520	+11.091	+11.137	+11.132	+11.127	+3.708	+3.397	+9.775	+11.336	+9.913	+11.274	+11.270	+10.856	+10.172	+9.928	+11.080	+10.253	+9.875	+10.646	+3.236	+3.492	+8.305	+8.169	+8.954	+8.987	+9.166	
rs565976       +1.320	+1.360	+1.036	+1.037	+1.359	+1.345	+1.358	+1.056	+1.326	+1.321	+1.329	+2.043	+1.096	+1.240	+1.991	+1.239	+1.420	+1.360	+1.227	+1.668	+1.323	+1.433	+1.433	+1.431	+1.428	+1.446	+1.566	+1.578	+1.570	+1.581	+2.271	+2.270	+5.610	+3.409	+5.723	+5.739	+5.715	+3.526	+2.903	+2.617	+2.397	+2.575	+2.102	+2.765	+2.758	+2.752	+6.988	+2.625	+6.599	+2.598	+2.594	+2.607	+2.627	+2.622	+3.698	+2.609	+2.663	+2.660	+3.760	+3.896	+3.905	+3.916	+2.572	+6.289	+2.005	+4.256	+1.870	+4.143	+6.209	+5.100	+1.925	+1.912	+3.965	+6.189	+2.443	+6.237	+1.958	+6.219	+6.390	+4.709	+1.954	+1.934	+1.959	+1.553	+4.807	+6.341	+1.959	+1.959	+4.649	+1.990	+6.385	+4.854	+4.883	+1.914	+4.331	+1.748	+4.942	+4.907	+6.598	+6.614	+4.687	+6.863	+4.878	+6.949	+6.886	+4.873	+2.167	+4.873	+7.033	+2.137	+2.279	+2.138	+7.047	+4.857	+7.238	+2.190	+2.192	+2.192	+2.226	+2.201	+2.117	+2.667	+4.850	+6.632	+4.870	+6.512	+6.273	+6.282	+1.441	+6.262	+1.496	+5.057	+1.743	+4.998	+4.993	+7.406	+8.402	+4.597	+11.239	+11.374	+9.518	+11.141	+3.290	+9.767	+9.791	+9.594	+10.490	+11.057	+11.103	+11.098	+11.093	+3.665	+3.365	+9.748	+11.302	+9.886	+11.240	+11.236	+10.827	+10.141	+9.902	+11.046	+10.222	+9.849	+10.617	+3.192	+3.448	+8.295	+8.159	+8.943	+8.975	+9.138	
rs538451       +2.328	+2.368	+2.200	+2.198	+2.367	+2.353	+2.366	+2.174	+2.335	+2.330	+2.338	+2.485	+2.138	+2.270	+2.449	+2.269	+2.234	+2.468	+2.256	+2.360	+2.424	+2.239	+2.239	+2.237	+2.227	+2.217	+2.284	+2.290	+2.286	+2.271	+2.669	+2.476	+5.735	+4.569	+5.856	+5.872	+5.850	+4.660	+3.332	+3.090	+2.896	+3.054	+2.598	+3.220	+3.215	+3.209	+7.094	+3.101	+6.719	+3.078	+3.075	+3.086	+3.105	+3.099	+4.844	+3.087	+3.133	+3.131	+4.907	+5.045	+5.055	+5.066	+3.062	+6.409	+2.596	+5.406	+2.494	+5.290	+6.334	+6.253	+2.541	+2.531	+4.662	+6.321	+3.020	+6.367	+2.566	+6.350	+6.513	+5.869	+2.563	+2.488	+2.568	+2.322	+5.968	+6.468	+2.568	+2.568	+5.808	+2.592	+6.511	+6.016	+6.045	+2.534	+5.595	+2.410	+5.617	+6.071	+6.713	+6.728	+5.847	+6.969	+6.044	+7.052	+6.991	+6.036	+2.731	+6.036	+7.133	+2.706	+2.753	+2.707	+7.147	+6.020	+7.332	+2.749	+2.750	+2.750	+2.778	+2.759	+2.691	+3.150	+6.014	+6.748	+6.033	+6.633	+6.411	+6.987	+2.379	+6.969	+2.431	+6.215	+2.627	+6.155	+6.150	+7.992	+8.978	+5.761	+11.556	+11.681	+10.181	+11.463	+3.684	+10.424	+10.448	+10.232	+10.787	+11.356	+11.400	+11.395	+11.391	+4.647	+3.743	+10.381	+11.595	+10.516	+11.535	+11.531	+11.113	+10.820	+10.532	+11.349	+10.901	+10.481	+10.913	+4.154	+4.433	+8.346	+8.212	+8.973	+9.005	+9.802	
rs1043638      +0.648	+0.620	+0.498	+0.499	+0.621	+0.632	+0.624	+0.525	+0.656	+0.658	+0.655	+1.986	+0.860	+0.619	+1.927	+0.624	+2.103	+0.656	+0.621	+1.622	+0.629	+2.116	+2.116	+2.110	+2.072	+2.032	+2.310	+2.326	+2.314	+2.270	+2.476	+0.950	+5.895	+2.813	+6.070	+6.085	+6.061	+2.908	+2.989	+2.667	+2.432	+2.620	+2.590	+2.829	+2.821	+2.814	+7.223	+2.667	+6.833	+2.635	+2.632	+2.647	+2.671	+2.661	+3.074	+2.645	+2.706	+2.702	+3.136	+3.272	+3.282	+3.293	+2.595	+6.611	+2.055	+3.628	+1.887	+3.510	+6.533	+4.566	+1.953	+1.938	+3.589	+6.526	+2.552	+6.575	+1.997	+6.554	+6.712	+4.089	+1.984	+2.297	+1.988	+1.380	+4.189	+6.675	+1.988	+1.988	+4.025	+2.028	+6.708	+4.238	+4.268	+1.928	+3.626	+1.742	+4.628	+4.294	+6.918	+6.934	+4.067	+7.180	+4.256	+7.264	+7.201	+4.259	+2.236	+4.260	+7.348	+2.201	+2.766	+2.202	+7.361	+4.243	+7.541	+2.263	+2.265	+2.266	+2.308	+2.279	+2.176	+2.684	+4.237	+6.964	+4.257	+6.850	+6.618	+6.252	+0.974	+6.230	+1.033	+4.470	+1.358	+4.411	+4.406	+7.518	+8.543	+4.008	+10.982	+11.093	+9.972	+10.865	+3.569	+10.227	+10.252	+10.005	+10.677	+10.751	+10.798	+10.792	+10.787	+2.867	+3.655	+10.165	+11.001	+10.308	+10.934	+10.930	+11.013	+10.072	+10.319	+10.734	+10.156	+10.261	+10.802	+2.942	+2.663	+8.708	+8.574	+9.208	+9.240	+9.492	
